length_url	length_hostname	ip	nb_dots	nb_qm	nb_eq	nb_slash	nb_www	ratio_digits_url	ratio_digits_host	tld_in_subdomain	prefix_suffix	shortest_word_host	shortest_word_path	nb_hyperlinks	domain_age	google_index	status
3	7	0	1	0	0	0	0	0	0	0	0	1	0	69	15	0	0
4	8	0	1	0	0	0	1	0	0	0	0	1	0	12	23	0	0
3	7	0	1	0	0	0	0	0	0	0	0	1	0	69	15	0	0
4	8	0	1	0	0	0	1	0	0	0	0	1	0	12	23	0	0
22	15	0	2	0	0	1	1	0	0	0	1	2	6	0	14	1	0
3	7	0	1	0	0	0	0	0	0	0	0	1	0	69	15	0	0
4	8	0	1	0	0	0	1	0	0	0	0	1	0	12	23	0	0
41	18	0	2	0	0	2	1	0	0	0	1	1	13	13	38	0	0
68	10	0	0	0	0	2	0	5	0	0	1	2	10	175	7	0	0
10	12	0	1	0	0	1	1	0	0	0	1	2	0	0	8	1	0
36	19	0	2	1	1	2	0	25	0	0	1	1	5	0	13	0	1
16	18	0	1	0	0	1	1	0	0	0	1	2	0	111	25	0	0
19	19	0	1	0	0	2	1	0	0	0	1	2	2	0	10	1	1
12	15	0	1	0	0	1	1	290	55	0	1	2	0	0	0	0	0
48	10	0	2	0	0	5	1	0	0	0	1	1	8	0	26	0	0
51	12	0	1	0	0	2	0	0	0	0	1	2	9	158	18	0	0
33	12	0	0	0	0	2	0	0	0	0	1	2	9	54	12	0	0
22	15	0	2	0	0	1	1	0	0	0	1	2	6	0	14	1	0
3	7	0	1	0	0	0	0	0	0	0	0	1	0	69	15	0	0
4	8	0	1	0	0	0	1	0	0	0	0	1	0	12	23	0	0
41	18	0	2	0	0	2	1	0	0	0	1	1	13	13	38	0	0
68	10	0	0	0	0	2	0	5	0	0	1	2	10	175	7	0	0
10	12	0	1	0	0	1	1	0	0	0	1	2	0	0	8	1	0
36	19	0	2	1	1	2	0	25	0	0	1	1	5	0	13	0	1
16	18	0	1	0	0	1	1	0	0	0	1	2	0	111	25	0	0
19	19	0	1	0	0	2	1	0	0	0	1	2	2	0	10	1	1
12	15	0	1	0	0	1	1	290	55	0	1	2	0	0	0	0	0
48	10	0	2	0	0	5	1	0	0	0	1	1	8	0	26	0	0
51	12	0	1	0	0	2	0	0	0	0	1	2	9	158	18	0	0
33	12	0	0	0	0	2	0	0	0	0	1	2	9	54	12	0	0
22	15	0	2	0	0	1	1	0	0	0	1	2	6	0	14	1	0
3	7	0	1	0	0	0	0	0	0	0	0	1	0	69	15	0	0
4	8	0	1	0	0	0	1	0	0	0	0	1	0	12	23	0	0
41	18	0	2	0	0	2	1	0	0	0	1	1	13	13	38	0	0
68	10	0	0	0	0	2	0	5	0	0	1	2	10	175	7	0	0
10	12	0	1	0	0	1	1	0	0	0	1	2	0	0	8	1	0
36	19	0	2	1	1	2	0	25	0	0	1	1	5	0	13	0	1
16	18	0	1	0	0	1	1	0	0	0	1	2	0	111	25	0	0
19	19	0	1	0	0	2	1	0	0	0	1	2	2	0	10	1	1
12	15	0	1	0	0	1	1	290	55	0	1	2	0	0	0	0	0
48	10	0	2	0	0	5	1	0	0	0	1	1	8	0	26	0	0
51	12	0	1	0	0	2	0	0	0	0	1	2	9	158	18	0	0
33	12	0	0	0	0	2	0	0	0	0	1	2	9	54	12	0	0
22	15	0	2	0	0	1	1	0	0	0	1	2	6	0	14	1	0
26	28	0	1	0	0	1	0	0	0	0	1	2	0	26	0	1	1
3	7	0	1	0	0	0	0	0	0	0	0	1	0	69	15	0	0
4	8	0	1	0	0	0	1	0	0	0	0	1	0	12	23	0	0
41	18	0	2	0	0	2	1	0	0	0	1	1	13	13	38	0	0
68	10	0	0	0	0	2	0	5	0	0	1	2	10	175	7	0	0
10	12	0	1	0	0	1	1	0	0	0	1	2	0	0	8	1	0
36	19	0	2	1	1	2	0	25	0	0	1	1	5	0	13	0	1
16	18	0	1	0	0	1	1	0	0	0	1	2	0	111	25	0	0
19	19	0	1	0	0	2	1	0	0	0	1	2	2	0	10	1	1
12	15	0	1	0	0	1	1	290	55	0	1	2	0	0	0	0	0
48	10	0	2	0	0	5	1	0	0	0	1	1	8	0	26	0	0
51	12	0	1	0	0	2	0	0	0	0	1	2	9	158	18	0	0
33	12	0	0	0	0	2	0	0	0	0	1	2	9	54	12	0	0
21	23	0	1	0	0	1	1	0	0	0	1	2	0	31	22	0	0
57	20	0	1	0	0	3	1	0	0	0	1	2	8	292	16	0	0
11	14	0	1	0	0	1	1	0	0	0	1	2	0	47	6	0	0
51	13	0	1	1	1	2	0	339	0	0	1	2	8	204	28	0	0
20	22	0	1	0	0	1	1	0	0	0	1	1	0	45	24	0	0
26	30	0	1	0	0	0	0	0	0	0	0	1	0	76	17	1	0
8	8	0	1	0	0	1	1	0	0	0	1	0	3	110	10	0	0
16	20	0	1	0	0	0	0	0	0	0	0	2	0	152	17	0	0
14	13	0	1	0	0	1	0	0	0	0	1	2	4	0	16	1	1
83	22	0	1	0	0	7	1	381	0	0	1	1	32	40	9	1	1
0	4	0	0	0	0	0	0	0	0	0	0	1	0	10	38	0	0
50	18	0	1	0	0	2	0	0	0	0	1	2	30	255	18	0	0
113	23	0	1	1	1	5	0	51	0	0	1	1	43	3	24	1	1
35	19	0	1	0	0	2	1	0	0	0	1	2	10	150	24	0	0
29	18	0	1	0	0	2	1	346	43	0	1	2	7	5	10	1	1
31	16	0	3	0	0	3	0	0	0	0	1	1	7	0	24	1	1
30	12	0	1	0	0	2	0	0	0	0	1	1	15	245	22	0	0
23	15	0	2	0	0	2	1	0	0	0	1	2	4	1	1	1	1
96	27	0	1	0	0	2	0	0	0	0	1	2	11	118	23	1	0
24	12	0	1	0	0	2	0	0	0	0	1	2	9	6	25	1	1
59	15	0	2	0	0	8	0	173	0	0	1	2	11	0	28	0	0
46	14	0	2	0	0	2	1	0	0	0	1	2	8	44	12	0	0
73	20	0	6	0	0	2	0	0	0	0	1	2	10	6	25	1	1
59	8	0	1	1	1	2	0	43	0	0	1	2	10	122	18	1	0
39	13	0	2	0	0	2	1	0	0	0	1	2	13	47	20	1	0
23	12	0	1	0	0	2	0	0	0	0	1	1	8	312	22	1	0
52	11	0	1	0	0	3	1	0	0	0	1	2	10	102	28	0	0
17	8	0	0	0	0	2	0	0	0	0	1	2	7	138	10	0	0
31	21	0	1	0	0	3	1	0	0	0	1	2	7	0	1	1	1
22	12	0	1	0	0	2	0	0	0	0	1	1	7	194	22	0	0
21	25	0	1	0	0	0	0	45	7	0	0	2	0	7	0	1	1
19	7	0	0	0	0	1	0	0	0	0	1	2	14	6	23	0	0
12	15	0	2	0	0	1	1	0	0	0	1	1	0	91	38	0	0
87	8	0	1	0	0	5	1	121	0	0	1	2	22	149	26	0	0
17	19	0	1	0	0	1	1	0	0	0	1	2	0	283	9	0	0
14	16	0	1	0	0	1	1	0	0	0	1	2	0	211	7	0	0
44	17	0	1	0	0	4	1	140	0	0	1	2	8	107	13	0	0
39	15	0	1	0	0	1	0	0	0	0	1	2	8	157	16	0	0
69	21	0	2	0	0	3	1	64	0	0	1	2	8	97	14	0	0
3	5	0	0	0	0	1	0	0	0	0	1	1	0	439	38	0	0
24	12	0	1	0	0	1	1	0	0	0	1	2	14	0	26	0	0
13	15	0	1	0	0	1	1	0	0	0	1	2	0	121	23	0	0
17	12	0	2	0	0	1	1	0	0	0	1	2	4	122	19	0	0
1	5	0	0	0	0	0	0	0	0	0	0	3	0	212	38	0	0
8	8	0	0	0	0	2	0	0	0	0	1	2	2	0	14	1	1
14	17	0	2	0	0	1	1	0	0	0	1	1	0	2	1	0	0
26	11	0	1	0	0	2	1	0	0	0	1	2	11	60	15	0	0
7	2	0	0	0	0	1	0	323	0	0	1	1	7	2	15	1	1
15	17	0	2	0	0	1	1	0	0	0	1	1	0	0	38	0	0
58	19	0	2	0	0	1	0	143	0	0	1	2	8	78	33	0	0
41	11	0	1	0	0	3	1	227	0	0	1	2	9	0	10	1	1
55	9	0	0	0	0	3	0	0	0	0	1	2	7	98	12	0	0
55	16	0	2	0	0	3	0	0	0	1	1	1	13	0	24	1	1
37	15	0	1	0	0	3	1	162	0	0	1	2	8	59	16	2	0
16	18	0	1	0	0	1	1	0	0	0	1	2	0	121	17	2	0
75	15	0	3	0	0	4	2	355	0	0	1	2	32	1	8	2	1
30	11	0	2	0	0	3	0	297	0	0	1	1	7	265	22	2	0
40	16	0	2	0	0	2	1	65	16	0	1	2	16	61	23	2	0
68	12	0	1	1	1	5	0	153	0	0	1	2	33	1	25	2	1
41	16	0	1	0	0	5	1	0	0	0	1	2	7	23	19	2	1
36	13	0	2	0	0	2	1	0	0	0	1	2	12	253	22	2	0
73	16	0	1	0	0	4	0	0	0	0	1	2	9	1	24	2	0
106	14	0	1	0	0	3	1	97	0	0	1	2	53	247	19	2	0
38	16	0	2	0	0	2	1	0	0	0	1	2	10	133	10	2	0
21	25	0	1	0	0	0	0	0	0	0	0	2	0	7	0	2	1
16	19	0	1	0	0	1	1	0	0	0	1	2	0	35	13	2	0
33	12	0	1	0	0	4	1	0	0	0	1	2	7	99	17	2	0
26	15	0	2	0	0	2	1	0	0	0	1	2	6	0	17	2	0
0	4	0	0	0	0	0	0	0	0	0	0	1	0	0	13	2	0
27	6	0	2	0	0	1	1	151	0	0	1	1	9	460	21	2	0
36	11	0	0	0	0	2	0	0	0	0	1	2	7	184	14	2	0
34	15	0	0	0	0	3	0	0	0	0	1	2	12	169	24	2	0
10	9	0	0	1	1	1	0	0	0	0	1	2	0	27	10	2	1
34	11	0	1	0	0	3	1	27	0	0	1	2	8	6	28	2	0
33	21	0	2	0	0	1	0	28	0	0	1	2	6	118	24	2	0
21	13	0	1	0	0	1	1	0	0	0	1	2	6	143	23	2	0
13	15	0	1	0	0	1	1	0	0	0	1	1	0	248	20	2	0
62	14	0	1	0	0	2	1	0	0	0	1	2	9	193	17	2	0
58	18	0	1	0	0	2	1	0	0	0	1	2	7	208	19	2	0
18	11	0	1	0	0	2	1	0	0	0	1	2	4	14	18	2	0
52	13	0	2	0	0	4	1	0	0	0	1	2	13	0	7	2	1
9	11	0	1	0	0	1	1	0	0	0	1	2	0	128	9	2	0
11	13	0	1	0	0	1	1	0	0	0	1	1	0	165	38	2	0
24	3	0	1	0	0	4	0	262	0	0	1	2	6	0	28	2	0
26	9	0	1	0	0	2	0	0	0	0	1	2	6	1	8	2	1
25	27	0	1	0	0	1	0	0	0	0	1	2	0	7	0	2	1
36	22	0	2	0	0	1	1	0	0	0	1	2	7	34	14	2	0
35	16	0	2	0	0	3	1	0	0	0	1	2	8	72	24	2	0
37	21	0	1	0	0	2	1	118	11	0	1	1	18	0	21	2	1
79	38	0	2	0	0	3	0	261	24	1	1	1	7	23	38	2	1
3	7	0	0	0	0	0	0	0	0	0	0	3	0	46	38	2	0
142	23	0	1	1	2	3	0	269	0	0	1	2	8	0	24	2	1
79	20	0	6	0	0	2	0	303	0	0	1	2	19	6	25	2	1
144	10	0	3	1	9	1	2	137	0	0	1	2	3	0	25	2	1
29	9	0	0	0	0	1	0	0	0	0	1	2	8	111	16	2	0
125	36	0	4	1	1	2	0	412	0	0	1	2	7	1	14	2	1
49	11	0	1	0	0	7	1	0	0	0	1	1	6	17	38	2	1
91	16	0	3	1	1	5	1	305	0	0	1	1	11	0	15	2	1
19	16	0	1	0	0	2	0	0	0	0	1	1	4	22	38	2	1
50	12	0	1	0	0	2	0	0	0	0	1	1	35	420	22	2	0
23	11	0	2	0	0	2	1	0	0	0	1	1	5	180	13	2	0
37	11	0	1	0	0	3	1	0	0	0	1	2	8	184	28	2	0
18	20	0	1	0	0	1	0	0	0	0	1	2	0	106	23	2	0
102	23	0	2	0	0	3	0	161	0	0	1	2	12	12	22	2	0
12	16	0	0	0	0	0	0	0	0	0	0	1	0	162	38	2	0
63	12	0	2	0	0	7	0	313	0	0	1	2	13	0	33	2	0
20	23	0	1	0	0	1	0	46	9	0	1	2	0	1	0	2	1
53	11	0	2	0	0	3	1	0	0	0	1	2	22	92	12	2	0
26	12	0	1	0	0	2	0	0	0	0	1	1	11	289	22	2	0
33	12	0	1	0	0	2	0	0	0	0	1	1	18	227	22	2	0
14	17	0	1	0	0	1	1	0	0	0	1	2	0	74	13	2	0
9	11	0	1	0	0	1	1	0	0	0	1	2	0	79	11	2	0
35	13	0	2	0	0	2	1	26	19	0	1	2	14	457	23	2	0
24	7	0	1	0	0	4	1	0	0	0	1	2	8	252	26	2	0
16	19	0	1	0	0	1	1	132	29	0	1	2	0	39	9	2	0
63	12	0	1	0	0	6	1	217	0	0	1	2	9	208	19	2	0
14	16	0	2	0	0	1	1	0	0	0	1	1	0	0	12	2	0
9	11	0	1	0	0	1	1	0	0	0	1	1	0	133	38	2	0
24	16	0	1	0	0	2	1	0	0	0	1	2	9	150	19	2	0
13	17	0	1	0	0	0	0	0	0	0	0	2	0	98	19	2	0
28	14	0	1	0	0	2	1	0	0	0	1	1	12	424	14	2	0
12	15	0	1	0	0	1	1	0	0	0	1	2	0	183	15	2	0
86	13	0	1	0	0	5	0	166	0	0	1	2	11	119	29	2	0
45	24	0	2	0	0	1	1	0	0	0	1	2	10	44	11	2	0
23	9	0	2	1	1	1	1	0	0	0	1	1	5	293	38	2	0
118	11	0	2	0	0	2	1	363	0	0	1	2	5	123	14	2	0
7	2	0	0	0	0	1	0	323	0	0	1	1	7	28	15	2	1
34	22	0	2	0	0	1	0	27	0	1	1	2	11	68	24	2	0
15	18	0	1	0	0	1	0	0	0	0	1	1	0	46	0	2	1
14	18	0	1	0	0	0	1	0	0	0	0	1	0	394	38	2	0
25	14	0	1	0	0	2	1	0	0	0	1	2	7	107	28	2	0
41	14	0	1	0	0	3	1	0	0	0	1	2	6	182	26	2	0
12	14	0	1	0	0	1	1	0	0	0	1	1	0	198	13	2	0
55	29	0	2	0	0	1	1	0	0	0	1	2	10	117	16	2	0
10	2	0	0	0	0	1	0	250	0	0	1	1	11	2	38	2	1
18	12	0	1	0	0	2	1	0	0	0	1	2	7	0	26	2	0
37	12	0	1	0	0	2	1	0	0	0	1	2	10	133	11	2	0
16	18	0	1	0	0	1	1	0	0	0	1	2	0	403	22	2	0
26	28	0	1	0	0	1	0	207	39	0	1	2	0	0	0	2	1
37	16	0	1	0	0	2	0	0	0	0	1	2	18	414	22	2	0
94	12	0	1	1	1	3	0	259	0	0	1	2	6	6	25	2	1
2	5	0	0	0	0	1	0	0	0	0	1	1	0	1	38	2	0
4	8	0	0	0	0	0	0	0	0	0	0	1	0	12	23	2	0
13	16	0	2	0	0	0	1	0	0	0	0	1	0	82	38	2	0
49	27	0	2	1	1	3	0	56	21	0	1	2	8	1	22	2	1
25	12	0	1	0	0	2	0	0	0	0	1	1	10	407	22	2	0
114	28	0	1	0	0	5	0	238	52	0	1	1	43	3	24	2	1
108	20	0	1	1	1	5	0	93	0	0	1	1	42	3	24	2	1
6	10	0	1	0	0	0	0	0	0	0	0	1	0	1	38	2	0
38	10	0	1	0	0	4	1	69	0	0	1	2	13	1	33	2	0
12	14	0	1	0	0	1	1	0	0	0	1	2	0	95	9	2	0
64	28	0	1	0	0	2	1	0	0	0	1	2	10	62	14	2	0
20	14	0	1	0	0	3	1	0	0	0	1	2	4	316	22	2	0
41	17	0	2	0	0	1	1	0	0	0	1	2	10	143	21	2	0
26	16	0	1	0	0	2	1	0	0	0	1	2	7	241	21	2	0
14	16	0	1	0	0	1	1	0	0	0	1	2	0	146	25	2	0
6	8	0	1	0	0	1	1	0	0	0	1	1	0	206	38	2	0
20	9	0	2	0	0	1	1	0	0	0	1	2	9	28	18	2	0
13	15	0	1	0	0	1	1	0	0	0	1	1	0	228	38	2	0
9	13	0	1	0	0	0	0	0	0	0	0	1	0	11	11	2	0
25	29	0	1	0	0	0	0	39	4	0	0	2	0	7	0	2	1
40	24	0	1	0	0	2	1	110	8	0	1	2	18	0	21	2	1
30	21	0	1	0	0	1	1	0	0	0	1	2	7	296	20	2	0
18	21	0	1	0	0	1	1	0	0	0	1	2	0	35	11	2	0
16	19	0	1	0	0	1	1	0	0	0	1	2	0	103	21	2	0
12	14	0	1	0	0	1	1	0	0	0	1	2	0	47	12	2	0
13	15	0	1	0	0	1	0	0	0	0	1	2	0	76	0	2	0
10	12	0	1	0	0	1	1	0	0	0	1	2	0	182	9	2	0
13	15	0	1	0	0	1	0	0	0	0	1	2	0	17	17	2	0
11	13	0	2	0	0	1	1	0	0	0	1	1	0	111	38	2	0
18	20	0	1	0	0	1	1	0	0	0	1	2	0	53	16	2	0
32	11	0	1	0	0	1	1	0	0	0	1	2	8	310	19	2	0
11	13	0	1	0	0	1	1	242	51	0	1	2	0	191	24	2	0
29	23	0	3	0	0	2	0	0	0	0	1	2	8	119	38	2	0
36	17	0	2	0	0	1	1	0	0	0	1	1	6	58	15	2	0
55	13	0	2	0	0	4	1	183	0	0	1	2	11	34	23	2	0
26	8	0	1	1	1	2	1	95	0	0	1	1	9	48	38	2	0
98	15	0	2	0	0	3	1	105	0	0	1	2	10	109	0	2	0
34	22	0	0	0	0	2	0	0	0	0	1	1	8	46	38	2	1
11	13	0	1	0	0	1	1	0	0	0	1	1	0	367	38	2	0
27	10	0	1	0	0	3	1	0	0	0	1	2	7	179	29	2	0
13	15	0	0	0	0	1	0	0	0	0	1	1	0	99	6	2	0
14	16	0	1	0	0	1	1	0	0	0	1	2	0	193	38	2	0
63	13	0	1	0	0	2	1	0	0	0	1	2	11	95	23	2	0
39	18	0	2	0	0	1	1	0	0	0	1	2	11	14	23	2	0
20	23	0	1	0	0	1	1	0	0	0	1	2	0	0	0	2	0
10	12	0	0	0	0	1	0	0	0	0	1	5	0	0	38	2	0
12	15	0	1	0	0	1	1	0	0	0	1	2	0	0	7	2	0
4	7	0	1	0	0	1	1	0	0	0	1	1	0	111	38	2	0
23	14	0	1	0	0	1	1	0	0	0	1	2	7	106	16	2	0
49	15	0	2	0	0	3	1	201	0	0	1	2	12	12	11	2	0
155	16	0	4	1	3	8	1	386	0	0	1	2	10	27	14	2	1
65	19	0	2	0	0	3	0	187	0	0	1	2	7	316	24	2	0
158	26	0	2	1	4	5	0	337	0	0	1	1	23	3	24	2	1
122	33	0	1	1	1	5	0	79	0	1	1	1	37	3	24	2	1
13	15	0	1	0	0	1	1	0	0	0	1	2	0	163	23	2	0
35	16	0	2	0	0	3	1	0	0	0	1	2	8	61	24	2	0
72	14	0	1	0	0	2	1	33	0	0	1	2	14	128	17	2	0
87	11	0	3	1	1	5	1	357	0	0	1	1	6	0	15	2	1
48	19	0	1	1	1	1	1	279	0	0	1	2	0	191	23	2	0
21	23	0	1	0	0	1	0	0	0	0	1	2	0	0	0	2	1
6	8	0	1	0	0	1	1	0	0	0	1	2	0	113	24	2	0
149	13	0	2	1	4	1	0	389	0	0	1	2	5	0	28	2	1
23	25	0	1	0	0	1	1	0	0	0	1	2	0	42	21	2	0
3	7	0	1	0	0	0	0	0	0	0	0	1	0	222	17	2	0
13	11	0	1	0	0	1	0	64	0	0	1	2	3	6	25	2	0
38	10	0	1	0	0	2	1	0	0	0	1	2	26	55	23	2	0
51	9	0	2	0	0	5	1	294	0	0	1	1	8	106	18	2	1
32	14	0	3	0	0	2	1	0	0	0	1	1	10	8	21	2	0
44	11	0	2	0	0	2	1	60	0	0	1	2	8	74	17	2	0
0	0	0	0	0	0	1	0	137	62	0	1	0	3	12	14	2	1
11	14	0	1	0	0	1	1	0	0	0	1	2	0	54	26	2	0
62	12	0	1	0	0	4	0	0	0	0	1	1	23	78	19	2	0
23	9	0	2	0	0	3	1	165	47	0	1	1	5	129	21	2	1
24	28	0	1	0	0	0	0	0	0	0	0	2	0	7	0	2	1
18	15	0	1	0	0	2	1	0	0	0	1	2	4	134	16	2	0
29	12	0	2	0	0	2	1	86	39	0	1	2	7	9	11	2	0
8	11	0	1	0	0	1	1	0	0	0	1	1	0	276	8	2	0
2	6	0	0	0	0	0	0	0	0	0	0	1	0	122	5	2	0
11	14	0	1	0	0	1	1	0	0	0	1	2	0	26	8	2	0
12	15	0	1	0	0	1	1	68	17	0	1	2	0	117	7	2	0
28	10	0	2	0	0	3	0	276	0	0	1	1	6	259	22	2	0
13	16	0	1	0	0	1	0	0	0	0	1	0	0	345	0	2	0
82	17	0	2	0	0	5	1	77	0	0	1	2	10	0	24	2	0
12	15	0	1	0	0	1	1	0	0	0	1	2	0	0	7	2	0
14	18	0	1	0	0	0	0	144	30	0	0	1	0	5	23	2	1
57	13	0	2	1	2	3	1	176	0	0	1	2	6	115	20	2	0
18	21	0	1	0	0	0	1	0	0	0	0	2	0	91	14	2	0
25	14	0	1	0	0	2	1	0	0	0	1	2	7	108	28	2	0
36	28	0	1	0	0	3	1	0	0	0	1	2	7	1	13	2	0
16	18	0	1	0	0	1	1	0	0	0	1	2	0	106	6	2	0
78	22	0	2	0	0	3	0	0	0	0	1	1	9	45	38	2	0
34	14	0	1	0	0	2	1	0	0	0	1	2	9	104	28	2	0
7	9	0	1	0	0	1	1	0	0	0	1	1	0	167	38	2	0
30	17	0	1	0	0	2	1	0	0	0	1	2	10	53	16	2	0
90	25	0	1	1	1	4	0	203	0	0	1	1	43	3	24	2	1
93	17	0	3	1	1	2	0	131	0	0	1	2	2	0	0	2	1
9	1	0	0	0	0	1	0	336	0	0	1	1	11	101	13	2	1
126	9	0	1	0	0	1	1	0	0	0	1	2	11	0	23	2	0
36	20	0	2	0	0	3	0	273	12	0	1	1	4	42	0	2	0
34	21	0	1	0	0	1	1	0	0	0	1	2	9	229	20	2	0
31	13	0	1	0	0	2	1	0	0	0	1	2	11	334	10	2	0
16	12	0	1	0	0	1	1	0	0	0	1	2	6	0	26	2	0
30	11	0	1	0	0	2	1	0	0	0	1	2	20	131	27	2	0
21	23	0	1	0	0	1	0	0	0	0	1	2	0	211	23	2	0
14	16	0	1	0	0	1	1	0	0	0	1	2	0	25	8	2	0
55	12	0	1	0	0	4	0	117	0	0	1	2	22	6	25	2	1
31	34	0	1	0	0	1	0	0	0	0	1	2	0	6	17	2	0
38	11	0	1	0	0	1	1	0	0	0	1	2	10	320	19	2	0
90	16	0	4	0	0	8	1	2	0	0	1	2	10	27	14	2	1
49	14	0	1	1	1	4	0	333	0	0	1	2	7	1	23	2	0
14	16	0	1	0	0	1	1	0	0	0	1	2	0	62	11	2	0
32	14	0	2	0	0	2	1	0	0	0	1	2	8	12	23	2	0
22	24	0	1	0	0	1	0	0	0	0	1	2	0	364	23	2	0
27	16	0	1	0	0	3	1	0	0	0	1	2	7	36	28	2	0
0	4	0	0	0	0	0	0	0	0	0	0	1	0	105	7	2	0
29	9	0	2	0	0	2	1	302	0	0	1	2	12	0	10	2	0
57	21	0	1	1	1	3	0	45	0	0	1	2	7	3	19	2	1
14	18	0	1	0	0	0	0	144	30	0	0	2	0	158	17	2	0
56	13	0	1	0	0	3	0	338	0	0	1	1	24	153	21	2	0
44	14	0	1	0	0	2	0	407	58	0	1	2	32	1	16	2	1
11	13	0	1	0	0	1	1	0	0	0	1	1	0	74	38	2	0
19	22	0	1	0	0	1	1	0	0	0	1	2	0	286	13	2	0
99	8	0	2	0	0	3	0	300	0	0	1	1	14	58	3	2	0
18	10	0	1	0	0	1	0	294	57	0	1	2	10	2	8	2	1
59	16	0	2	0	0	2	1	139	0	0	1	2	9	119	25	2	0
47	18	0	1	0	0	3	1	93	43	0	1	2	9	144	24	2	0
41	13	0	1	0	0	2	1	0	0	0	1	2	9	65	20	2	0
12	11	0	0	0	0	1	0	0	0	0	1	3	4	176	21	2	0
168	21	0	4	1	8	3	0	401	0	0	1	2	12	0	20	2	0
94	9	0	1	0	0	4	1	110	0	0	1	2	9	106	30	2	0
17	20	0	1	0	0	1	1	0	0	0	1	2	0	122	9	2	0
84	26	0	3	0	0	3	0	213	0	0	1	2	12	0	23	2	0
4	6	0	1	0	0	1	1	0	0	0	1	1	0	139	29	2	0
19	9	0	1	1	1	1	0	190	0	0	1	2	3	21	13	2	0
88	14	0	1	0	0	3	1	141	0	0	1	2	12	195	10	2	0
16	20	0	1	0	0	0	0	58	12	0	0	2	0	7	0	2	1
9	11	0	1	0	0	1	1	0	0	0	1	2	0	128	8	2	0
30	13	0	0	0	0	1	0	0	0	0	1	2	11	33	10	2	1
61	49	0	6	0	0	1	0	283	49	0	1	1	0	0	11	2	1
9	13	0	1	0	0	0	0	0	0	0	0	1	0	9	38	2	0
25	9	0	3	0	0	3	0	256	0	0	1	1	8	32	38	2	0
14	16	0	1	0	0	1	1	0	0	0	1	2	0	123	10	2	0
7	11	0	1	0	0	0	0	0	0	0	0	1	0	5	23	2	1
19	11	0	0	0	0	2	0	0	0	0	1	2	9	196	23	2	0
49	6	0	2	0	0	4	1	0	0	0	1	1	12	39	38	2	0
23	25	0	1	0	0	1	1	0	0	0	1	2	0	69	10	2	0
35	16	0	1	0	0	2	0	0	0	0	1	2	7	21	8	2	1
43	24	0	1	0	0	2	0	0	0	0	1	2	10	119	23	2	0
14	18	0	1	0	0	0	0	0	0	0	0	2	0	246	0	2	0
15	17	0	1	0	0	1	1	0	0	0	1	2	0	70	15	2	0
56	12	0	2	0	0	4	1	209	0	0	1	2	8	90	25	2	0
29	31	0	1	0	0	1	0	0	0	0	1	2	0	0	0	2	1
43	12	0	2	0	0	1	1	0	0	0	1	2	11	53	19	2	0
41	43	0	1	0	0	1	0	0	0	0	1	2	0	35	23	2	0
21	9	0	2	0	0	2	1	45	0	0	1	1	11	43	26	2	0
23	26	0	1	0	0	1	1	0	0	0	1	2	0	55	23	2	0
14	10	0	1	0	0	1	0	61	0	0	1	1	7	0	10	2	1
17	19	0	1	0	0	1	1	0	0	0	1	2	0	20	7	2	0
52	6	0	0	0	0	3	0	49	0	0	1	2	9	4	1	2	0
12	14	0	1	0	0	1	1	0	0	0	1	2	0	73	15	2	0
91	18	0	2	0	1	9	1	90	0	0	1	2	12	0	4	2	1
55	21	0	0	0	0	4	0	46	0	0	1	2	13	120	17	2	0
16	18	0	1	0	0	1	0	0	0	0	1	2	0	110	23	2	0
39	15	0	2	0	0	2	1	0	0	0	1	2	22	124	38	2	0
14	16	0	1	0	0	1	1	0	0	0	1	1	0	233	38	2	0
5	8	0	1	0	0	1	1	0	0	0	1	1	0	136	14	2	0
12	15	0	1	0	0	1	1	0	0	0	1	1	0	44	38	2	0
7	2	0	0	0	0	1	0	272	0	0	1	1	7	3	15	2	1
48	14	0	1	0	0	2	1	0	0	0	1	2	13	159	28	2	0
58	21	0	2	0	0	3	1	0	0	0	1	2	9	35	20	2	0
147	14	0	1	1	3	3	0	393	0	0	1	1	8	0	38	2	1
68	12	0	1	1	1	5	0	177	0	0	1	2	33	1	25	2	1
15	17	0	1	0	0	1	1	0	0	0	1	1	0	69	15	2	0
10	12	0	1	0	0	1	1	0	0	0	1	2	0	99	22	2	0
53	13	0	2	1	2	2	1	0	0	0	1	2	8	1	23	2	1
56	31	0	1	0	0	2	0	278	0	0	1	1	12	0	6	2	1
8	7	0	0	0	0	1	0	82	0	0	1	2	3	6	23	2	0
13	15	0	1	0	0	1	1	0	0	0	1	1	0	31	8	2	0
35	38	0	3	0	0	1	0	0	0	0	1	2	0	1	4	2	1
29	32	0	2	0	0	1	1	0	0	0	1	2	0	17	0	2	1
43	15	0	2	0	0	3	1	0	0	0	1	2	11	68	26	2	0
51	13	0	1	0	0	3	1	0	0	0	1	2	15	62	11	2	0
29	14	0	1	0	0	2	1	0	0	0	1	2	11	82	28	2	0
3	5	0	0	0	0	1	0	0	0	0	1	2	0	14	5	2	0
31	13	0	2	0	0	2	1	30	19	0	1	2	12	452	23	2	0
10	13	0	1	0	0	1	1	0	0	0	1	2	0	348	9	2	0
37	12	0	2	0	0	3	1	0	0	0	1	2	9	319	10	2	0
11	13	0	1	0	0	1	1	0	0	0	1	2	0	64	23	2	0
10	12	0	1	0	0	1	1	0	0	0	1	2	0	84	11	2	0
17	8	0	0	0	0	2	0	0	0	0	1	2	6	10	10	2	0
24	9	0	0	0	0	4	0	162	59	0	1	1	7	25	8	2	1
15	19	0	1	0	0	0	0	211	41	0	0	2	0	7	0	2	1
86	20	0	1	0	0	3	1	0	0	0	1	2	12	290	16	2	0
15	19	0	2	0	0	0	0	0	0	0	0	1	0	206	38	2	0
75	19	0	2	0	0	1	0	113	0	0	1	2	12	78	33	2	0
22	12	0	1	0	0	2	0	0	0	0	1	1	7	442	22	2	0
24	13	0	1	0	0	2	1	0	0	0	1	2	7	209	28	2	0
141	9	0	1	1	3	3	0	404	0	0	1	2	8	366	6	2	1
28	12	0	1	0	0	2	1	0	0	0	1	2	8	71	20	2	0
11	14	0	1	0	0	1	1	0	0	0	1	2	0	9	24	2	0
17	20	0	1	0	0	1	1	0	0	0	1	2	0	124	13	2	0
64	21	0	1	0	0	5	1	214	0	0	1	2	9	235	14	2	0
26	14	0	1	0	0	2	1	0	0	0	1	2	8	106	28	2	0
13	16	0	1	0	0	1	1	0	0	0	1	2	0	55	24	2	0
42	12	0	1	0	0	2	0	0	0	0	1	1	19	327	22	2	0
108	25	0	2	0	0	3	1	0	0	0	1	2	46	0	14	2	0
10	13	0	1	0	0	1	0	0	0	0	1	3	0	0	38	2	1
28	15	0	2	0	0	1	1	0	0	0	1	2	11	48	17	2	0
23	9	0	2	0	0	1	1	105	0	0	1	2	9	10	14	2	0
38	11	0	1	0	0	1	1	0	0	0	1	2	9	200	19	2	0
19	21	0	1	0	0	1	0	0	0	0	1	2	0	1	0	2	1
134	17	0	2	1	4	4	1	295	0	0	1	2	32	82	14	2	1
87	2	0	2	1	3	1	0	402	0	0	1	1	4	0	25	2	1
50	13	0	1	0	0	6	1	53	0	0	1	2	11	0	12	2	1
16	18	0	2	0	0	1	1	0	0	0	1	1	0	111	38	2	0
56	11	0	2	0	0	5	1	0	0	0	1	2	8	87	29	2	0
14	16	0	1	0	0	1	1	0	0	0	1	2	0	0	23	2	0
82	13	0	1	1	1	8	0	0	0	0	1	1	13	0	15	2	1
84	12	0	1	0	1	4	1	0	0	0	1	2	32	203	24	2	0
55	11	0	2	0	0	3	1	0	0	0	1	2	18	0	29	2	0
14	18	0	1	0	0	0	0	0	0	0	0	1	0	5	23	2	1
50	12	0	2	0	0	3	1	0	0	0	1	2	16	62	22	2	0
29	33	0	1	0	0	0	0	32	2	0	0	2	0	7	0	2	1
5	7	0	1	0	0	1	1	0	0	0	1	1	0	0	38	2	0
66	16	0	1	0	0	5	0	0	0	0	1	2	18	49	15	2	1
22	12	0	1	0	0	2	0	0	0	0	1	1	7	96	22	2	0
62	19	0	2	1	1	1	1	163	0	0	1	2	8	440	17	2	0
59	19	0	2	0	0	2	1	0	0	0	1	2	13	55	17	2	0
10	14	0	1	0	0	0	0	170	34	0	0	1	0	5	22	2	1
30	10	0	2	0	0	3	0	319	0	0	1	1	8	89	22	2	0
36	14	0	1	0	0	2	0	0	0	0	1	2	8	140	20	2	0
28	7	0	1	0	0	3	0	0	0	0	1	1	6	9	38	2	1
23	26	0	1	0	0	1	0	0	0	0	1	2	0	3	4	2	1
53	16	0	2	0	0	2	1	0	0	0	1	2	8	388	28	2	0
11	14	0	1	0	0	1	1	0	0	0	1	2	0	369	5	2	0
17	18	0	1	0	0	1	1	0	0	0	1	2	2	28	4	2	1
16	19	0	1	0	0	1	1	0	0	0	1	2	0	32	3	2	1
19	23	0	1	0	0	0	0	48	9	0	0	2	0	7	0	2	1
23	13	0	1	0	0	2	1	0	0	0	1	2	6	94	28	2	0
19	9	0	0	0	0	3	0	0	0	0	1	2	7	0	11	2	1
19	11	0	1	0	0	2	1	0	0	0	1	1	5	290	38	2	0
8	12	0	1	0	0	0	0	82	20	0	0	2	0	18	17	2	0
5	8	0	1	0	0	1	1	0	0	0	1	1	0	273	19	2	0
22	6	0	0	0	0	2	0	0	0	0	1	2	10	0	21	2	1
20	15	0	1	0	0	2	1	0	0	0	1	2	7	42	27	2	0
27	18	0	1	0	0	2	1	0	0	0	1	2	6	395	13	2	0
31	23	0	1	0	0	1	1	0	0	0	1	2	10	28	22	2	0
19	17	0	0	0	0	1	0	0	0	0	1	2	5	299	7	2	0
73	24	0	2	0	0	3	1	168	8	0	1	2	6	44	9	2	0
14	17	0	1	0	0	1	1	0	0	0	1	2	0	13	8	2	0
25	28	0	1	0	0	1	0	39	5	0	1	2	0	1	22	2	1
11	13	0	1	0	0	1	1	0	0	0	1	2	0	100	19	2	0
55	13	0	1	0	0	2	1	0	0	0	1	2	8	38	8	2	0
46	9	0	1	0	0	5	0	97	0	0	1	1	9	0	12	2	1
87	23	0	1	1	1	4	0	246	0	0	1	1	43	3	24	2	1
9	12	0	1	0	0	1	1	0	0	0	1	1	0	41	38	2	0
24	12	0	1	0	0	2	1	0	0	0	1	2	13	46	26	2	0
58	18	0	2	0	0	3	1	0	0	0	1	2	10	215	38	2	0
17	19	0	1	0	0	1	1	0	0	0	1	2	0	69	6	2	0
3	7	0	1	0	0	0	0	113	30	0	0	1	0	0	3	0	0
88	20	0	1	0	0	3	0	244	0	0	1	2	11	206	22	1	0
24	18	0	1	0	0	1	1	40	0	0	1	2	4	135	19	0	0
27	15	0	1	0	0	2	1	0	0	0	1	2	9	143	24	0	0
28	11	0	1	1	1	1	1	146	0	0	1	2	5	14	18	0	0
35	11	0	1	0	0	1	1	0	0	0	1	2	9	325	19	0	0
9	12	0	1	0	0	1	1	0	0	0	1	1	0	19	9	0	1
9	12	0	2	0	0	1	1	0	0	0	1	1	0	62	38	0	0
2	1	0	0	0	0	1	0	246	54	0	1	1	3	21	38	1	1
19	21	0	1	0	0	1	1	0	0	0	1	2	0	68	20	0	0
18	9	0	1	0	0	2	1	0	0	0	1	1	11	1	38	1	0
20	24	0	1	0	0	0	0	0	0	0	0	2	0	113	17	0	0
23	15	0	2	0	0	1	1	0	0	0	1	1	11	105	25	1	0
35	13	0	2	0	0	1	0	0	0	0	1	1	9	112	24	1	0
34	15	0	1	0	0	1	1	0	0	0	1	2	10	23	9	0	0
23	21	0	1	0	1	1	0	0	0	0	1	1	0	253	17	0	0
60	15	0	1	0	0	7	1	304	0	0	1	2	8	61	27	0	0
39	13	0	1	0	0	2	0	0	0	0	1	2	16	25	24	1	0
30	10	0	2	0	0	3	0	319	0	0	1	1	8	152	22	1	0
6	10	0	0	0	0	0	0	0	0	0	0	1	0	81	5	0	1
154	22	0	2	1	2	3	0	287	35	0	1	2	8	1	22	1	1
141	7	0	1	1	3	3	0	394	0	0	1	1	7	1	0	1	1
18	20	0	1	0	0	1	0	0	0	0	1	2	0	7	0	1	1
11	10	0	1	0	0	2	1	0	0	0	1	1	2	0	38	0	0
52	13	0	2	0	0	2	0	373	0	0	1	2	8	288	29	0	0
12	14	0	1	0	0	1	1	0	0	0	1	1	0	416	21	0	0
50	15	0	2	0	0	3	0	326	0	0	1	2	10	0	38	0	0
19	10	0	1	0	0	1	0	0	0	0	1	2	12	112	22	0	0
19	23	0	1	0	0	0	0	0	0	0	0	2	0	116	20	0	0
41	18	0	2	0	0	2	1	0	0	0	1	2	5	97	18	0	0
3	1	0	0	0	0	1	0	234	0	0	1	1	5	8	38	1	1
13	15	0	1	0	0	1	1	0	0	0	1	2	0	155	24	0	0
44	12	0	1	1	1	3	0	0	0	0	1	2	8	6	25	1	1
38	24	0	2	0	0	1	1	0	0	0	1	2	12	12	18	0	0
114	12	0	2	1	1	2	0	86	0	0	1	2	12	0	24	0	1
23	17	0	1	0	0	1	0	41	15	0	1	2	4	0	9	1	1
16	14	0	1	0	0	2	1	0	0	0	1	2	3	219	14	0	0
41	9	0	2	0	0	2	1	0	0	0	1	2	24	52	21	1	0
42	17	0	2	0	0	3	0	105	0	0	1	2	10	21	38	0	0
12	14	0	1	0	0	1	1	0	0	0	1	2	0	115	13	0	0
15	17	0	1	0	0	1	1	0	0	0	1	1	0	451	38	0	0
19	11	0	1	0	0	2	1	0	0	0	1	2	4	117	27	0	0
60	23	0	3	0	0	3	0	75	0	0	1	1	18	0	26	1	0
47	12	0	1	1	1	4	0	306	0	0	1	2	11	44	36	1	0
41	17	0	1	0	0	2	1	0	0	0	1	2	16	87	13	0	0
64	17	0	1	0	0	4	1	0	0	0	1	2	9	210	19	1	0
62	12	0	1	0	0	2	0	104	0	0	1	1	44	322	22	0	0
7	9	0	1	0	0	1	1	0	0	0	1	2	0	75	25	0	0
69	13	0	2	0	0	4	0	203	0	0	1	2	14	0	28	1	0
21	25	0	1	0	0	0	0	0	0	0	0	2	0	7	0	1	1
69	23	0	2	0	0	1	0	122	0	0	1	2	20	81	20	0	0
7	9	0	1	0	0	1	1	0	0	0	1	1	0	340	13	0	0
13	15	0	1	0	0	1	1	0	0	0	1	2	0	98	20	0	0
8	10	0	1	0	0	1	1	0	0	0	1	2	0	2	17	0	0
20	13	0	1	0	0	3	1	0	0	0	1	1	6	0	20	1	1
21	14	0	1	0	0	1	0	0	0	0	1	2	9	37	17	0	0
41	8	0	2	0	0	4	1	64	0	0	1	2	11	0	23	0	0
18	22	0	1	0	0	0	0	251	47	0	0	2	0	7	0	1	1
15	18	0	1	0	0	1	1	0	0	0	1	2	0	4	19	0	0
22	24	0	1	0	0	1	1	0	0	0	1	2	0	105	11	0	0
69	26	0	2	0	0	3	0	203	0	0	1	1	9	95	0	1	0
20	23	0	1	0	0	1	1	0	0	0	1	2	0	59	11	0	0
25	28	0	1	0	0	1	0	0	0	0	1	2	0	1	22	1	1
27	7	0	1	0	0	3	1	0	0	0	1	2	16	87	29	1	0
28	12	0	1	0	0	2	0	0	0	0	1	1	13	305	22	0	0
62	13	0	0	0	0	2	0	0	0	0	1	2	11	105	10	0	0
18	13	0	1	0	0	3	0	0	0	0	1	2	3	1	23	1	1
40	7	0	1	0	0	2	1	0	0	0	1	2	10	73	27	0	0
34	11	0	2	0	0	2	1	27	0	0	1	2	7	18	17	0	0
16	19	0	1	0	0	1	1	0	0	0	1	2	0	44	9	0	0
68	20	0	1	0	0	3	1	92	0	0	1	2	9	135	12	0	0
114	12	0	2	1	1	2	0	124	0	0	1	2	12	0	24	0	1
79	3	0	1	1	1	3	0	29	0	0	1	1	10	289	2	1	1
65	10	0	3	1	1	1	1	99	0	0	1	2	4	3	17	0	0
23	25	0	1	0	0	1	1	0	0	0	1	2	0	39	20	0	0
18	21	0	1	0	0	1	1	0	0	0	1	2	0	71	7	0	0
35	7	0	1	0	0	2	1	0	0	0	1	2	24	200	24	1	0
13	7	0	0	0	0	1	0	0	0	0	1	2	8	6	23	0	0
78	18	0	0	0	0	7	0	383	0	0	1	1	32	40	9	1	1
12	16	0	1	0	0	0	0	0	0	0	0	1	0	297	38	0	0
7	10	0	1	0	0	1	1	0	0	0	1	1	0	98	19	0	0
7	10	0	1	0	0	1	1	0	0	0	1	2	0	444	13	0	0
40	10	0	1	0	0	1	1	0	0	0	1	2	18	108	25	2	0
94	2	0	4	1	3	1	0	286	0	0	1	1	4	0	25	2	1
39	12	0	1	0	0	2	0	0	0	0	1	1	24	272	22	2	0
7	9	0	1	0	0	1	1	0	0	0	1	2	0	34	19	2	0
14	12	0	0	0	0	2	0	0	0	0	1	2	3	0	0	2	1
9	12	0	1	0	0	1	1	0	0	0	1	2	0	12	16	2	0
16	13	0	1	0	0	1	1	0	0	0	1	2	2	311	25	2	0
47	13	0	2	0	0	3	1	206	0	0	1	2	9	43	15	2	0
15	15	0	0	0	0	2	0	0	0	0	1	2	2	0	12	2	1
32	20	0	0	0	0	2	0	0	0	0	1	2	8	162	10	2	0
15	17	0	1	0	0	1	1	0	0	0	1	2	0	4	13	2	0
50	14	0	1	0	0	2	1	0	0	0	1	2	9	117	15	2	0
36	22	0	1	0	0	2	0	0	0	0	1	4	16	242	9	2	0
32	6	0	1	0	0	3	0	181	0	0	1	2	14	0	38	2	0
42	26	0	2	0	0	2	1	0	0	0	1	2	10	0	8	2	1
17	18	0	1	1	0	1	1	0	0	0	1	2	0	8	7	2	1
21	16	0	1	0	0	2	0	0	0	0	1	1	7	0	38	2	1
51	14	0	2	0	0	3	1	0	0	0	1	2	6	58	17	2	0
12	14	0	1	0	0	1	1	0	0	0	1	1	0	333	21	2	0
149	15	0	8	1	4	9	0	296	0	0	1	2	12	6	25	2	1
3	6	0	1	0	0	1	1	0	0	0	1	1	0	82	26	2	0
29	12	0	2	0	0	3	0	0	0	0	1	2	10	226	25	2	0
28	11	0	1	1	1	1	1	0	0	0	1	2	5	14	18	2	0
53	15	0	1	0	0	3	0	11	0	0	1	2	16	8	7	2	1
30	12	0	1	0	0	2	0	0	0	0	1	1	15	259	22	2	0
32	3	0	0	0	0	2	0	291	45	0	1	1	27	2	9	2	1
36	8	1	3	0	0	2	0	318	74	1	1	1	20	1	25	2	1
44	8	0	2	0	0	5	1	60	0	0	1	2	13	0	38	2	0
12	15	0	1	0	0	1	1	0	0	0	1	1	0	2	0	2	0
34	21	0	1	0	0	2	0	0	0	0	1	2	11	339	19	2	0
13	15	0	1	0	0	1	1	0	0	0	1	1	0	141	16	2	0
16	19	0	1	0	0	1	0	0	0	0	1	2	0	7	0	2	1
19	3	0	0	0	0	4	0	48	45	0	1	1	5	72	20	2	0
21	23	0	1	0	0	1	1	0	0	0	1	2	0	122	19	2	0
13	15	0	1	0	0	1	1	0	0	0	1	2	0	55	7	2	0
6	3	0	0	0	0	1	0	279	0	0	1	1	5	17	38	2	1
16	19	0	1	0	0	1	1	0	0	0	1	2	0	370	15	2	0
18	19	0	1	0	0	2	0	196	41	0	1	2	0	7	0	2	1
3	7	0	0	0	0	0	0	0	0	0	0	2	0	64	6	2	0
20	14	0	1	0	0	1	1	0	0	0	1	2	8	26	5	2	1
28	11	0	1	1	1	1	1	146	0	0	1	2	5	14	18	2	0
29	10	0	2	0	0	3	0	302	0	0	1	1	7	57	22	2	0
23	27	0	1	0	0	0	0	0	0	0	0	2	0	147	38	2	0
7	10	0	1	0	0	1	1	86	24	0	1	2	0	0	0	2	0
21	23	0	2	0	0	1	1	0	0	0	1	1	0	37	10	2	0
18	22	0	1	0	0	0	0	0	0	0	0	2	0	106	17	2	0
16	18	0	1	0	0	1	1	0	0	0	1	2	0	294	21	2	0
169	21	0	4	1	8	3	0	399	0	0	1	2	12	0	20	2	0
11	13	0	1	0	0	1	1	0	0	0	1	2	0	224	9	2	0
5	8	0	1	0	0	1	1	0	0	0	1	1	0	217	14	2	0
30	9	0	1	0	0	4	1	0	0	0	1	1	8	28	20	2	1
7	11	0	0	0	0	0	0	0	0	0	0	1	0	257	38	2	0
67	14	0	1	0	0	2	1	95	0	0	1	2	14	133	17	2	0
8	10	0	1	0	0	1	1	0	0	0	1	1	0	36	38	2	0
11	14	0	1	0	0	1	1	0	0	0	1	2	0	15	23	2	0
14	10	0	2	1	1	1	0	218	0	0	1	1	0	128	26	2	0
16	13	0	2	0	0	1	0	0	0	0	1	1	3	0	19	2	1
90	13	0	2	1	1	7	0	0	0	0	1	1	13	0	15	2	1
12	14	0	1	0	0	1	1	0	0	0	1	2	0	75	15	2	0
6	8	0	1	0	0	1	1	0	0	0	1	2	0	165	26	2	0
32	11	0	0	0	0	4	0	0	0	0	1	2	9	312	23	2	0
59	15	0	0	0	0	7	0	0	0	0	1	2	10	1	9	2	1
29	14	0	1	1	1	2	1	0	0	0	1	2	6	201	19	2	0
23	26	0	1	0	0	1	1	0	0	0	1	2	0	98	23	2	0
29	24	0	1	0	0	2	1	0	0	0	1	2	5	80	16	2	0
89	20	0	6	0	0	2	0	295	0	0	1	2	21	6	25	2	1
17	20	0	1	0	0	1	1	0	0	0	1	2	0	184	12	2	0
19	13	0	2	0	0	1	0	0	0	0	1	1	4	0	6	2	1
58	32	0	1	0	0	2	0	0	0	0	1	2	10	441	23	2	0
47	13	0	2	0	0	2	0	396	0	0	1	2	7	175	26	2	0
4	6	0	1	0	0	1	1	0	0	0	1	1	0	61	38	2	0
14	16	0	2	0	0	1	1	0	0	0	1	1	0	231	38	2	0
33	16	0	2	0	0	3	1	0	0	0	1	2	6	98	24	2	0
13	17	0	1	0	0	0	0	0	0	0	0	2	0	7	0	2	1
20	18	0	1	0	1	1	0	0	0	0	1	2	0	216	17	2	0
12	14	0	1	0	0	1	1	0	0	0	1	2	0	64	9	2	0
25	28	0	1	0	0	1	1	0	0	0	1	2	0	109	9	2	0
20	24	0	1	0	0	0	0	0	0	0	0	2	0	7	0	2	1
31	16	0	2	0	0	3	1	0	0	0	1	2	6	39	24	2	0
104	13	0	3	1	1	8	0	0	0	0	1	1	13	0	15	2	1
20	23	0	1	0	0	1	1	0	0	0	1	2	0	16	16	2	0
2	6	0	0	0	0	0	0	0	0	0	0	3	0	177	38	2	0
100	11	0	0	0	0	3	0	103	0	0	1	2	9	217	14	2	0
10	9	0	0	0	0	1	0	0	0	0	1	3	3	396	7	2	0
34	18	0	1	0	0	1	1	0	0	0	1	2	11	100	23	2	0
32	12	0	1	0	0	3	0	0	0	0	1	2	6	51	7	2	1
11	13	0	1	0	0	1	1	0	0	0	1	2	0	118	27	2	0
8	12	0	2	0	0	0	1	0	0	0	0	1	0	295	38	2	0
40	24	0	1	0	0	1	1	0	0	0	1	1	18	64	38	2	0
13	17	0	1	0	0	0	1	0	0	0	0	2	0	1	7	2	1
9	12	0	1	0	0	1	1	0	0	0	1	1	0	226	16	2	0
25	16	0	1	0	0	2	1	211	0	0	1	2	7	65	29	2	0
24	6	0	1	1	0	1	0	262	0	0	1	2	4	67	19	2	0
62	13	0	1	1	4	1	0	133	0	0	1	2	4	51	15	2	1
39	17	0	2	0	0	2	1	0	0	0	1	2	16	215	12	2	0
7	9	0	1	0	0	1	1	0	0	0	1	1	0	44	9	2	0
18	21	0	1	0	0	1	0	0	0	0	1	2	0	222	0	2	0
14	17	0	1	0	0	1	1	0	0	0	1	2	0	0	21	2	0
29	14	0	1	0	0	3	1	0	0	0	1	2	11	353	27	2	0
2	6	0	0	0	0	0	0	0	0	0	0	1	0	17	38	2	0
8	10	0	1	0	0	1	1	0	0	0	1	2	0	241	17	2	0
17	19	0	1	0	0	1	1	0	0	0	1	2	0	391	24	2	0
26	10	0	2	0	0	3	0	207	0	0	1	1	6	384	22	2	0
61	12	0	1	0	0	3	0	0	0	0	1	1	26	106	19	2	0
2	6	0	0	0	0	0	0	0	0	0	0	0	0	15	18	2	0
14	16	0	1	0	0	1	1	0	0	0	1	2	0	232	26	2	0
42	8	0	2	0	0	3	1	0	0	0	1	2	11	55	24	2	0
68	14	0	1	0	0	3	1	0	0	0	1	2	10	97	27	2	0
25	12	0	1	0	0	2	0	0	0	0	1	1	10	428	22	2	0
46	12	0	2	0	0	1	1	0	0	0	1	2	11	62	19	2	0
11	14	0	1	0	0	1	0	0	0	0	1	1	0	6	16	2	1
5	7	0	0	0	0	1	0	0	0	0	1	1	0	350	5	2	0
4	8	0	1	0	0	0	0	0	0	0	0	1	0	7	9	2	0
18	7	0	0	0	0	2	0	0	0	0	1	2	7	378	7	2	1
49	11	0	1	0	0	3	0	56	0	0	1	2	10	93	11	2	0
11	14	0	1	0	0	1	1	0	0	0	1	2	0	42	9	2	0
48	11	0	1	0	0	3	1	0	0	0	1	2	11	0	29	2	0
32	13	0	2	0	0	2	1	0	0	0	1	2	10	11	14	2	1
29	23	0	1	0	0	1	0	0	0	0	1	2	8	12	20	2	1
2	6	0	1	0	0	0	0	0	0	0	0	1	0	95	24	2	0
68	12	0	1	1	1	5	0	36	0	0	1	2	33	1	25	2	1
58	15	0	2	0	0	4	1	8	17	0	1	1	9	219	21	2	0
17	20	0	1	0	0	1	1	0	0	0	1	2	0	115	9	2	0
8	11	0	1	0	0	1	1	0	0	0	1	1	0	215	22	2	0
23	14	0	1	0	0	1	0	105	34	0	1	1	8	11	13	2	1
121	12	0	2	0	0	5	0	114	0	0	1	2	54	140	26	2	0
14	16	0	1	0	0	1	1	0	0	0	1	2	0	13	6	2	0
12	6	0	0	0	0	1	0	0	0	0	1	2	9	48	7	2	1
9	12	0	1	0	0	1	0	313	62	0	1	1	0	2	8	2	1
12	15	0	1	0	0	0	1	0	0	0	0	2	0	0	22	2	0
28	11	0	1	1	1	1	1	199	0	0	1	2	5	14	18	2	0
37	18	0	1	0	0	2	1	0	0	0	1	2	7	21	8	2	0
26	21	0	1	0	0	1	1	0	0	0	1	2	8	247	20	2	0
88	17	0	2	0	0	3	1	0	0	0	1	2	10	49	23	2	0
55	21	0	1	0	0	3	0	0	0	0	1	2	17	0	3	2	1
36	14	0	2	0	0	1	1	0	0	0	1	2	10	35	24	2	0
6	9	0	1	0	0	1	1	0	0	0	1	1	0	113	38	2	0
41	25	0	2	0	0	1	1	0	0	0	1	2	8	41	19	2	0
12	14	0	1	0	0	1	1	0	0	0	1	2	0	10	11	2	0
12	15	0	1	0	0	1	1	0	0	0	1	2	0	3	11	2	0
10	13	0	1	0	0	1	0	304	61	0	1	1	0	1	38	2	1
40	12	0	1	0	0	2	0	0	0	0	1	1	25	341	22	0	0
5	9	0	1	0	0	0	0	0	0	0	0	1	0	70	38	0	0
48	17	0	1	0	0	3	0	0	0	0	1	2	10	129	12	1	0
32	3	0	0	0	0	2	0	181	45	0	1	1	27	0	9	1	1
53	16	0	3	0	0	3	1	289	0	0	1	2	16	0	26	1	0
15	17	0	1	0	0	1	1	0	0	0	1	2	0	152	7	0	0
15	17	0	1	0	0	1	1	0	0	0	1	2	0	258	23	0	0
39	13	0	1	0	0	1	0	327	0	0	1	2	28	1	9	1	1
41	44	0	1	0	0	1	0	151	28	0	1	1	0	0	11	1	1
6	10	0	1	0	0	0	0	0	0	0	0	1	0	5	22	1	1
15	17	0	1	0	0	1	1	0	0	0	1	2	0	245	13	0	0
33	12	0	2	0	0	1	1	0	0	0	1	2	10	76	10	0	0
36	11	0	1	0	0	2	1	0	0	0	1	2	4	140	23	1	0
32	12	0	1	0	0	3	0	0	0	0	1	1	7	167	13	1	0
15	17	0	0	0	0	1	0	0	0	0	1	1	0	63	38	0	0
47	14	0	1	0	0	2	1	93	0	0	1	2	10	93	28	0	0
7	10	0	1	0	0	1	1	0	0	0	1	2	0	301	12	0	0
12	15	0	1	0	0	1	1	0	0	0	1	1	0	22	13	0	0
17	9	0	1	0	0	2	1	256	0	0	1	1	4	0	5	1	1
14	17	0	1	0	0	1	0	0	0	0	1	2	0	0	0	0	0
30	20	0	0	0	0	3	0	0	0	0	1	2	7	0	14	1	1
19	22	0	1	0	0	1	0	0	0	0	1	1	0	0	2	1	1
94	11	0	1	1	1	4	0	0	0	0	1	2	45	33	25	1	0
28	10	0	2	0	0	3	0	276	0	0	1	1	6	298	22	1	0
54	10	0	2	0	0	5	1	0	0	0	1	2	14	66	25	1	0
32	3	0	0	0	0	2	0	81	45	0	1	1	27	0	9	1	1
34	16	0	2	0	0	2	1	0	0	0	1	2	7	0	19	0	0
13	17	0	1	0	0	0	1	151	31	0	0	2	0	17	10	0	0
39	11	0	1	0	0	2	0	0	0	0	1	2	26	128	19	0	0
30	13	0	2	0	0	2	1	31	19	0	1	2	10	406	23	0	0
118	19	0	1	1	1	5	0	83	0	0	1	1	38	3	24	1	1
42	18	0	1	0	0	1	0	0	0	0	1	2	27	3	11	1	0
13	15	0	1	0	0	1	1	0	0	0	1	2	0	224	5	0	0
42	14	0	1	0	0	3	1	62	0	0	1	2	10	191	20	0	0
5	8	0	0	0	0	1	0	0	0	0	1	1	0	63	38	0	1
4	8	0	1	0	0	0	1	0	0	0	0	1	0	23	11	0	0
160	12	0	3	1	4	4	2	380	0	0	1	2	6	0	23	0	1
4	8	0	0	0	0	0	0	0	0	0	0	1	0	15	14	0	0
36	17	0	2	0	0	2	1	0	0	0	1	2	10	26	17	0	0
39	13	0	2	0	0	2	1	0	0	0	1	2	14	3	22	1	0
166	22	0	4	1	1	7	0	408	65	0	1	2	11	1	22	1	1
55	10	0	2	0	0	3	1	0	0	0	1	2	10	40	20	0	0
51	14	0	2	0	0	3	0	196	0	0	1	2	9	202	10	0	0
26	10	0	0	0	0	2	0	0	0	0	1	2	7	131	21	1	0
61	17	0	1	0	0	5	0	165	0	0	1	1	8	78	22	1	0
42	19	0	2	0	0	1	1	0	0	0	1	2	7	34	22	0	0
98	22	0	2	0	0	7	1	375	0	0	1	1	32	40	9	1	1
67	18	0	2	0	0	3	1	66	0	0	1	2	13	205	21	1	0
29	12	0	1	0	0	2	0	0	0	0	1	1	14	177	22	0	0
59	9	0	2	0	0	4	1	109	0	0	1	2	25	0	38	1	0
21	14	0	1	0	0	2	1	176	0	0	1	2	6	4	11	1	1
54	19	0	1	0	0	2	1	0	0	0	1	2	8	21	12	1	0
5	9	0	1	0	0	0	0	0	0	1	0	1	0	7	22	1	1
33	9	0	1	0	0	4	1	221	0	0	1	2	12	195	28	1	0
30	12	0	1	0	0	2	1	84	0	0	1	2	10	409	16	0	0
37	12	0	2	0	0	2	1	162	0	0	1	2	11	183	29	0	0
12	14	0	1	0	0	1	1	0	0	0	1	2	0	37	16	0	0
31	14	0	1	0	0	2	1	0	0	0	1	2	7	73	28	1	0
33	3	0	0	0	0	2	0	128	45	0	1	1	28	2	9	1	1
71	9	0	0	0	0	4	0	174	0	0	1	2	11	59	13	0	0
27	14	0	1	0	0	2	1	0	0	0	1	2	9	100	28	0	0
23	25	0	1	0	0	1	0	0	0	0	1	2	0	311	0	0	0
113	18	0	1	1	3	1	0	405	0	1	1	1	0	26	2	0	1
29	14	0	1	0	0	2	1	0	0	0	1	2	11	71	28	0	0
139	15	0	6	2	4	7	1	91	0	0	1	2	12	6	25	0	0
39	14	0	1	0	0	2	1	156	0	0	1	2	7	117	24	0	0
26	12	0	3	0	0	2	1	0	0	0	1	1	7	2	21	1	1
11	13	0	1	0	0	1	1	0	0	0	1	1	0	121	9	0	0
4	8	0	0	0	0	0	0	0	0	0	0	4	0	26	7	0	0
115	7	0	2	0	0	5	1	0	0	0	1	2	27	0	38	0	0
15	14	0	1	0	0	2	1	0	0	0	1	1	2	277	38	0	0
27	10	0	2	0	0	3	0	248	0	0	1	1	6	410	22	0	0
56	27	0	2	0	0	2	1	0	0	0	1	2	21	69	21	1	0
41	11	0	1	0	0	2	1	107	0	0	1	2	24	14	18	0	0
21	12	0	1	0	0	1	0	0	0	0	1	2	7	0	12	1	1
9	12	0	1	0	0	1	1	0	0	0	1	2	0	404	8	0	0
12	14	0	1	0	0	1	1	0	0	0	1	2	0	148	27	0	0
29	12	0	1	0	0	2	0	0	0	0	1	2	14	6	25	1	1
69	6	0	1	0	0	4	0	371	0	0	1	1	32	1	11	1	1
107	30	0	3	0	0	3	0	154	3	0	1	2	52	3	25	1	1
13	15	0	1	0	0	1	1	0	0	0	1	2	0	249	17	0	0
32	11	0	1	0	0	2	1	0	0	0	1	2	18	14	18	0	0
35	12	0	2	0	0	2	0	170	0	0	1	2	9	1	11	1	1
45	16	0	3	0	0	2	1	0	0	0	1	2	14	107	4	2	1
11	2	0	0	0	0	1	0	0	0	0	1	1	11	52	15	2	1
41	15	0	1	1	1	1	0	0	0	0	1	2	3	30	10	2	0
32	17	0	1	0	0	2	0	0	0	0	1	2	10	205	23	2	0
123	28	0	2	0	0	1	0	112	0	0	1	1	55	1	22	2	1
27	30	0	1	0	0	1	0	0	0	0	1	2	0	94	0	2	0
24	12	0	2	0	0	1	1	101	0	0	1	2	11	41	24	2	0
49	22	0	2	1	1	1	0	0	0	0	1	2	0	4	0	2	1
41	11	0	1	0	0	2	1	151	0	0	1	2	24	14	18	2	0
25	10	0	1	0	0	2	1	0	0	0	1	2	7	187	17	2	0
59	9	0	3	0	0	7	1	0	0	0	1	1	7	189	23	2	1
18	20	0	1	0	0	1	0	0	0	0	1	2	0	1	0	2	0
49	7	0	2	0	0	1	1	56	0	0	1	2	40	358	28	2	0
27	12	0	1	0	0	2	1	0	0	0	1	2	6	144	11	2	0
68	7	0	0	0	0	3	0	5	30	0	1	2	8	231	18	2	0
33	12	0	1	0	0	2	0	0	0	0	1	2	18	6	25	2	1
27	29	0	1	0	0	1	0	0	0	0	1	2	0	0	0	2	1
39	23	0	1	0	0	2	1	0	0	0	1	2	7	27	3	2	1
30	11	0	1	0	0	2	1	0	0	0	1	2	16	14	18	2	0
12	14	0	1	0	0	1	1	0	0	0	1	2	0	206	17	2	0
9	11	0	1	0	0	1	1	0	0	0	1	1	0	288	38	2	0
36	17	0	2	0	0	3	1	0	0	0	1	1	7	47	38	2	1
48	10	0	1	0	0	3	1	57	0	0	1	2	8	3	23	2	0
13	12	0	1	0	0	2	1	0	0	0	1	1	2	429	9	2	0
5	7	0	1	0	0	1	1	0	0	0	1	1	0	411	3	2	0
75	13	0	2	0	0	6	1	280	0	0	1	2	22	0	27	2	0
83	9	0	1	0	0	1	1	0	0	0	1	2	11	0	23	2	0
119	9	0	1	1	6	1	0	390	0	0	1	2	8	4	5	2	1
34	26	0	1	0	0	3	0	0	0	0	1	2	6	143	20	2	1
8	10	0	1	0	0	1	1	266	57	0	1	2	0	22	6	2	0
44	14	0	1	0	0	3	1	179	0	0	1	2	10	185	20	2	0
12	12	0	1	0	0	2	1	0	0	0	1	2	2	62	4	2	1
14	17	0	1	0	0	0	1	0	0	0	0	1	0	0	9	2	0
117	15	0	1	0	0	2	1	0	0	0	1	2	10	0	1	2	0
25	10	0	2	0	0	3	1	0	0	0	1	1	6	2	38	2	1
30	33	0	4	0	0	1	1	137	27	1	1	2	0	0	1	2	1
103	21	0	1	1	1	5	0	197	38	0	1	1	25	3	24	2	1
101	26	0	3	0	0	2	1	217	0	0	1	1	49	0	38	2	0
9	11	0	1	0	0	1	0	0	0	0	1	1	0	79	15	2	0
25	28	0	1	0	0	1	0	0	0	0	1	2	0	1	22	2	1
15	18	0	1	0	0	1	0	0	0	0	1	2	0	69	0	2	0
32	12	0	1	0	0	2	0	0	0	0	1	1	17	379	22	2	0
44	15	0	1	0	0	2	1	140	0	0	1	2	9	19	0	2	0
21	12	0	1	0	0	2	0	0	0	0	1	2	7	201	19	2	0
38	21	0	2	0	0	2	1	0	0	0	1	2	8	48	23	2	0
39	14	0	2	1	1	2	1	198	0	0	1	2	8	86	26	2	0
66	18	0	2	0	0	3	0	6	0	0	1	1	29	0	22	2	0
66	23	0	1	0	0	3	1	327	0	0	1	2	32	1	18	2	1
22	13	0	0	0	0	2	0	0	0	0	1	2	6	202	12	2	0
28	8	0	2	0	0	3	0	88	0	0	1	2	7	21	38	2	0
65	8	0	1	0	0	5	1	0	0	0	1	2	16	120	38	2	0
37	16	0	2	0	0	3	1	0	0	0	1	2	7	25	24	2	0
42	31	0	2	0	0	1	1	0	0	0	1	2	10	50	13	2	0
164	10	0	2	1	0	9	1	410	45	0	1	2	9	0	5	2	1
19	22	0	1	0	0	1	0	0	0	0	1	2	0	141	0	2	0
57	18	0	3	0	0	3	1	9	0	1	1	1	20	0	7	2	1
16	9	0	1	0	0	3	1	132	0	0	1	2	6	0	23	2	0
67	26	0	2	1	2	3	0	66	22	0	1	1	8	1	22	2	1
53	9	0	0	0	0	4	0	0	0	0	1	2	10	240	21	2	0
25	14	0	1	0	0	2	1	0	0	0	1	2	7	107	28	2	0
33	17	0	1	0	0	3	0	256	64	0	1	1	11	1	23	2	1
57	11	0	2	0	0	5	0	322	0	0	1	2	14	161	34	2	0
10	12	0	1	0	0	1	1	0	0	0	1	2	0	354	6	2	0
17	19	0	1	0	0	1	1	0	0	0	1	2	0	232	15	2	0
70	27	0	1	0	0	3	0	0	0	0	1	2	11	18	0	2	1
12	15	0	1	0	0	1	1	0	0	0	1	1	0	177	15	2	0
25	12	0	1	0	0	2	1	0	0	0	1	1	10	195	38	2	0
46	18	0	2	0	0	4	1	0	0	0	1	2	8	63	24	2	0
103	11	0	2	0	0	4	0	246	0	0	1	2	11	0	38	2	0
28	11	0	1	1	1	1	1	0	0	0	1	2	5	14	18	2	0
12	7	0	0	0	0	1	0	68	0	0	1	2	7	6	23	2	0
26	9	0	1	0	0	1	1	95	47	0	1	2	6	188	25	2	0
62	19	0	2	0	0	2	1	0	0	0	1	2	10	89	16	2	0
42	16	0	3	0	0	3	1	0	0	0	1	2	8	62	4	2	1
8	10	0	0	0	0	1	0	0	0	0	1	1	0	128	38	2	0
18	21	0	1	0	0	1	0	0	0	0	1	1	0	1	0	2	0
50	21	0	2	0	0	2	1	13	11	0	1	2	9	22	15	2	0
55	10	0	0	1	1	2	0	382	0	0	1	2	32	0	17	2	1
14	17	0	1	0	0	1	1	0	0	0	1	2	0	224	12	2	0
73	13	0	2	0	0	4	1	142	0	0	1	1	13	206	26	2	0
15	17	0	1	0	0	1	0	0	0	0	1	2	0	8	25	2	0
33	15	0	3	0	0	3	1	0	0	0	1	1	8	235	20	2	0
114	12	0	2	1	1	2	0	86	0	0	1	2	12	0	24	2	1
18	21	0	1	0	0	1	1	0	0	0	1	2	0	75	9	2	0
34	23	0	2	0	0	1	0	253	58	0	1	2	5	100	21	2	1
20	24	0	1	0	0	0	0	0	0	0	0	2	0	7	0	2	1
17	19	0	1	0	0	1	1	0	0	0	1	2	0	36	14	2	0
171	14	0	2	1	1	2	0	334	0	0	1	2	5	1	8	2	1
6	8	0	1	0	0	1	1	0	0	0	1	1	0	62	0	2	0
4	6	0	0	0	0	1	0	0	0	0	1	1	0	402	38	2	0
32	21	0	1	0	0	1	1	0	0	0	1	2	14	215	20	2	0
56	42	0	2	0	0	2	0	372	69	0	1	2	6	23	5	2	1
21	25	0	1	0	0	0	0	0	0	0	0	2	0	7	0	1	1
62	15	0	1	0	0	4	0	0	0	0	1	1	10	105	22	0	0
34	17	0	1	0	0	2	1	0	0	0	1	2	8	128	24	1	0
30	10	0	1	1	0	1	0	319	24	0	1	2	10	2	8	1	1
20	24	0	1	0	0	0	0	0	0	0	0	2	0	179	0	0	0
35	19	0	1	0	0	2	1	0	0	0	1	2	7	43	20	1	0
27	17	0	2	0	0	1	0	0	0	0	1	1	7	0	38	1	1
15	17	0	1	0	0	1	1	0	0	0	1	1	0	76	14	0	0
71	29	0	0	0	0	3	0	0	0	0	1	2	10	87	18	0	0
27	13	0	2	0	0	2	0	0	0	0	1	1	4	37	13	1	0
15	19	0	1	0	0	0	0	0	0	0	0	1	0	36	15	0	0
170	21	0	4	1	8	3	0	398	0	0	1	2	12	0	20	1	0
78	24	0	2	0	0	3	0	359	0	0	1	2	32	23	5	1	1
22	13	0	1	0	0	2	0	0	0	0	1	1	6	272	20	0	0
76	9	0	2	0	0	2	1	136	0	0	1	2	10	92	24	0	0
138	20	0	3	1	0	8	0	331	28	0	1	2	34	0	9	1	1
19	22	0	1	0	0	1	0	0	0	0	1	2	0	347	0	0	0
19	15	0	1	0	0	2	0	0	0	0	1	1	5	3	38	1	1
8	12	0	1	0	0	0	0	0	0	0	0	1	0	2	38	0	0
9	1	0	0	0	0	1	0	176	0	0	1	1	11	101	13	1	1
14	16	0	1	0	0	1	1	0	0	0	1	2	0	20	16	0	0
19	21	0	1	0	0	1	1	0	0	0	1	2	0	241	8	0	0
33	13	0	1	0	0	4	0	0	0	0	1	2	8	288	29	1	0
79	16	0	2	0	0	6	1	350	0	0	1	1	32	1	38	1	1
44	25	0	2	0	0	1	0	0	0	0	1	3	12	123	38	1	1
33	19	0	2	0	0	2	1	0	0	0	1	2	7	59	17	0	0
32	7	0	2	0	0	4	1	0	0	0	1	1	8	164	21	0	0
14	17	0	2	0	0	0	1	0	0	0	0	1	0	121	14	0	0
40	31	0	0	0	0	2	0	0	0	0	1	2	6	1	7	1	1
110	5	0	0	0	0	4	0	89	0	0	1	2	10	133	29	1	0
25	9	0	2	0	0	2	1	0	0	0	1	2	6	143	25	1	0
14	16	0	1	0	0	1	1	0	0	0	1	2	0	120	11	0	0
136	10	0	4	2	4	6	1	281	0	0	1	2	3	2	25	1	1
59	10	0	1	0	0	3	1	0	0	0	1	2	23	3	9	1	1
20	9	0	0	0	0	2	0	0	0	0	1	2	10	48	22	0	0
35	20	0	1	0	0	3	0	75	0	0	1	2	7	425	22	0	0
29	10	0	1	1	0	1	0	238	57	0	1	2	10	2	8	1	1
25	10	0	1	0	0	3	0	39	0	0	1	2	7	142	28	1	0
18	22	0	1	0	0	0	0	196	35	0	0	2	0	7	0	1	1
59	11	0	1	0	0	5	1	332	0	0	1	2	8	154	30	0	0
11	13	0	1	0	0	1	1	0	0	0	1	1	0	129	38	0	0
20	23	0	1	0	0	1	0	239	46	0	1	2	0	0	8	1	1
11	14	0	1	0	0	1	1	0	0	0	1	2	0	64	16	0	0
25	27	0	1	0	0	1	1	0	0	0	1	2	0	79	14	0	0
71	23	0	2	1	2	2	0	34	0	0	1	2	13	8	22	1	1
17	14	0	2	0	0	1	0	128	34	0	1	2	3	2	5	1	1
43	22	0	2	0	0	4	1	0	0	0	1	2	6	14	24	1	1
11	13	0	1	0	0	1	1	0	0	0	1	1	0	58	38	1	0
10	12	0	1	0	0	1	1	0	0	0	1	2	0	169	19	0	0
165	27	0	2	1	0	6	1	411	21	0	1	2	8	1	22	1	1
44	18	0	0	0	0	2	0	60	30	0	1	2	12	201	15	0	0
27	9	0	0	0	0	3	0	0	0	0	1	1	9	66	9	1	1
19	21	0	1	0	0	1	0	0	0	0	1	2	0	211	12	0	0
29	7	0	1	0	0	3	0	0	0	0	1	1	7	1	0	1	1
51	13	0	2	0	0	3	1	225	19	0	1	2	10	224	13	0	0
45	14	0	2	0	0	2	0	0	0	0	1	0	28	284	22	1	0
48	14	0	1	0	0	5	1	167	0	0	1	2	10	405	27	1	0
41	14	0	3	0	0	3	1	107	0	0	1	2	8	0	38	1	0
107	9	0	2	0	0	6	1	95	0	0	1	2	50	81	28	1	0
78	17	0	1	0	0	4	0	184	0	0	1	2	12	114	16	0	0
50	14	0	1	0	0	3	1	0	0	0	1	2	8	97	14	0	0
111	22	0	1	0	0	3	0	55	0	0	1	2	13	172	14	0	0
46	11	0	2	0	0	3	1	15	0	0	1	2	9	175	18	1	0
107	17	0	4	1	1	7	1	0	0	0	1	1	13	0	15	1	1
30	8	0	0	0	0	4	0	137	0	0	1	2	11	355	24	0	0
110	11	0	0	0	1	4	0	321	0	0	1	1	51	34	2	1	1
43	15	0	2	0	0	3	1	103	0	0	1	2	12	100	13	0	0
31	12	0	1	0	0	2	0	0	0	0	1	1	16	320	22	0	0
5	9	0	1	0	0	0	0	0	0	0	0	1	0	30	18	0	0
42	20	0	4	0	0	1	1	0	0	0	1	2	9	41	11	0	0
22	18	0	1	0	0	1	1	0	0	0	1	2	7	114	23	0	0
154	22	0	2	1	2	3	0	267	25	0	1	2	8	1	22	1	1
35	16	0	2	0	0	3	1	0	0	0	1	2	6	190	1	1	1
9	11	0	1	0	0	1	1	0	0	0	1	2	0	128	17	0	0
10	12	0	2	0	0	1	1	0	0	1	1	1	0	171	17	0	0
24	13	0	2	0	0	1	1	0	0	0	1	2	9	45	24	0	0
14	16	0	1	0	0	1	1	0	0	0	1	1	0	0	1	0	0
59	13	0	0	0	0	3	0	230	0	0	1	2	10	160	19	0	0
50	11	0	1	0	0	5	0	254	0	0	1	2	8	274	29	1	0
26	19	0	1	0	0	3	0	0	0	0	1	1	4	0	12	1	1
89	24	0	3	0	0	4	0	360	0	0	1	2	32	23	5	1	1
33	11	0	1	0	0	1	0	0	0	0	1	2	23	6	25	1	0
62	11	0	1	0	0	2	1	0	0	0	1	2	47	132	27	0	0
132	17	0	2	1	4	4	1	293	0	0	1	2	32	82	14	1	1
36	17	0	2	0	0	3	1	0	0	0	1	1	7	17	8	1	1
25	10	0	1	0	0	2	1	0	0	0	1	2	11	292	21	0	0
17	19	0	1	0	0	1	0	0	0	0	1	2	0	78	23	0	0
37	23	0	2	0	0	1	1	0	0	0	1	2	13	259	22	1	0
13	16	0	1	0	0	1	1	0	0	0	1	2	0	170	22	0	0
54	11	0	3	1	2	3	0	0	0	0	1	2	7	29	25	0	0
9	9	0	1	0	0	1	1	0	0	0	1	2	2	343	29	0	0
23	8	0	0	0	0	3	0	0	0	0	1	2	11	245	5	0	1
51	12	0	1	0	0	3	1	225	0	0	1	2	9	217	13	1	0
22	25	0	1	0	0	1	1	0	0	0	1	2	0	204	21	0	0
87	11	0	2	0	0	9	1	96	0	0	1	2	12	0	29	0	0
28	6	0	0	0	0	4	0	0	0	0	1	1	9	0	38	1	1
26	12	0	1	0	0	3	0	0	0	0	1	1	7	250	13	1	0
27	12	0	1	0	0	3	0	0	0	0	1	2	11	6	25	1	1
40	13	0	2	0	0	2	1	21	19	0	1	2	16	380	23	0	0
28	12	0	2	0	0	2	0	0	0	0	1	1	7	392	22	0	0
17	19	0	1	0	0	1	1	0	0	0	1	2	0	61	10	0	0
31	14	0	2	0	0	3	1	0	0	0	1	2	8	1	12	1	0
49	14	0	1	0	0	3	1	0	0	0	1	2	8	68	21	0	0
32	16	0	2	0	0	3	1	0	0	0	1	2	6	88	24	0	0
33	23	0	2	0	0	1	0	128	34	0	1	2	8	3	11	1	1
12	14	0	1	0	0	1	1	0	0	0	1	2	0	180	19	0	0
43	12	0	2	0	0	3	1	0	0	0	1	2	15	87	13	1	0
15	18	0	1	0	0	0	0	0	0	0	0	2	0	7	0	1	1
90	33	0	2	1	1	5	0	0	0	0	1	2	15	0	3	1	1
39	15	0	2	0	0	2	1	22	0	0	1	2	17	191	27	1	0
11	14	0	1	0	0	1	1	0	0	0	1	2	0	258	22	0	0
52	9	0	1	0	0	4	1	0	0	0	1	2	11	193	21	1	0
63	28	0	2	0	0	2	1	0	0	0	1	2	10	16	12	0	0
72	27	0	3	0	0	3	0	218	0	0	1	2	9	0	23	1	0
145	20	0	2	1	3	3	0	400	0	0	1	1	6	2	18	1	1
43	14	0	2	0	0	4	1	0	0	0	1	2	7	51	16	1	1
15	17	0	1	0	0	1	1	0	0	0	1	2	0	6	14	0	0
85	20	0	2	0	0	5	1	233	0	0	1	2	37	0	20	0	0
68	17	0	1	0	0	3	1	0	0	0	1	2	10	257	20	0	0
31	19	0	1	0	0	2	1	0	0	0	1	2	7	82	25	1	0
28	21	0	1	0	0	2	1	0	0	0	1	2	8	78	22	0	0
172	25	0	5	1	4	5	0	317	0	0	1	2	6	1	5	1	1
9	12	0	1	0	0	1	1	0	0	0	1	2	0	48	11	0	0
44	14	0	1	0	0	2	1	0	0	0	1	2	10	132	17	0	0
15	11	0	0	0	0	1	0	0	0	0	1	2	4	29	13	0	0
33	21	0	3	0	0	2	1	28	0	0	1	1	5	150	13	1	1
34	9	0	2	1	1	1	1	27	0	0	1	2	14	2	9	0	1
13	15	0	1	0	0	1	1	0	0	0	1	2	0	19	13	0	0
73	16	0	2	0	0	3	1	0	0	0	1	1	10	90	18	1	0
7	11	0	0	0	0	0	0	0	0	0	0	1	0	54	16	0	0
46	11	0	1	0	0	2	1	241	0	0	1	2	35	0	27	1	1
14	16	0	1	0	0	1	0	144	32	0	1	2	0	83	0	0	0
28	15	0	1	0	0	4	1	0	0	0	1	2	5	11	16	1	1
62	16	0	1	0	0	2	1	0	0	0	1	2	10	59	8	0	0
18	11	0	1	0	0	3	0	50	0	0	1	2	5	113	29	1	0
0	0	0	0	0	0	1	0	137	62	0	1	0	3	12	14	1	1
30	14	0	2	0	0	1	1	0	0	0	1	2	15	101	11	1	0
37	14	0	1	1	1	1	1	0	0	0	1	2	6	77	26	1	0
28	14	0	1	0	0	2	1	0	0	0	1	2	10	123	28	0	0
12	14	0	1	0	0	1	0	0	0	0	1	1	0	189	21	0	0
6	9	0	1	0	0	1	1	0	0	0	1	1	0	173	13	0	0
64	18	0	2	0	0	4	0	160	0	0	1	2	10	39	20	1	0
67	12	0	1	0	1	4	1	0	0	0	1	2	25	189	24	0	0
12	14	0	1	0	0	1	1	0	0	0	1	2	0	95	12	0	0
30	13	0	1	0	0	3	1	31	0	0	1	2	9	45	38	0	0
58	24	0	1	0	0	5	0	311	45	0	1	2	10	49	23	1	0
27	7	0	1	0	0	4	1	0	0	0	1	2	9	67	29	1	0
60	31	0	1	0	0	2	0	0	0	1	1	2	10	150	23	1	0
26	13	0	1	0	0	2	0	0	0	0	1	1	10	278	20	0	0
66	13	0	2	0	0	2	1	98	0	0	1	2	36	172	15	1	0
41	15	0	2	0	0	2	1	64	0	0	1	2	10	87	17	1	1
69	12	0	1	1	1	4	0	203	0	0	1	2	30	6	25	2	1
35	14	0	1	0	0	2	0	0	0	0	1	2	19	365	19	2	0
16	19	0	1	0	0	1	1	0	0	0	1	2	0	69	10	2	0
40	24	0	2	0	0	1	1	0	0	0	1	2	8	57	16	2	0
15	19	0	1	0	0	0	0	211	41	0	0	2	0	7	0	2	1
26	6	0	0	0	0	2	0	0	0	0	1	2	9	177	15	2	0
79	24	0	2	0	0	4	0	366	0	0	1	2	32	23	5	2	1
22	18	0	1	0	0	1	1	0	0	0	1	2	7	121	23	2	0
37	23	0	2	0	0	1	1	24	9	0	1	2	6	212	13	2	0
28	14	0	2	0	0	2	0	0	0	0	1	0	6	450	22	2	0
32	10	0	1	0	0	3	0	0	0	0	1	2	5	76	27	2	0
16	14	0	1	0	1	1	0	263	58	0	1	2	0	60	17	2	0
5	9	0	1	0	0	0	0	0	0	1	0	1	0	193	38	2	0
7	11	0	1	0	0	0	0	196	42	0	0	2	0	57	17	2	0
23	14	0	1	0	0	2	1	0	0	0	1	2	6	110	28	2	0
39	11	0	2	0	0	4	0	156	0	0	1	2	8	0	38	2	0
35	11	0	1	0	0	1	1	0	0	0	1	2	7	307	19	2	0
10	12	0	1	0	0	1	1	0	0	0	1	2	0	144	26	2	0
59	15	0	1	0	0	3	0	0	0	0	1	3	11	85	10	2	0
7	10	0	1	0	0	1	1	0	0	0	1	2	0	87	7	2	0
16	15	0	1	0	0	2	1	0	0	0	1	2	2	398	22	2	0
43	16	0	1	0	0	2	1	0	0	0	1	2	7	303	19	2	0
35	12	0	0	0	0	2	0	0	0	0	1	2	21	29	7	2	0
15	6	0	1	0	0	2	1	0	0	0	1	0	6	80	11	2	1
17	10	0	1	0	0	3	0	128	0	0	1	1	6	0	38	2	1
49	10	0	1	0	0	2	1	0	0	0	1	2	31	82	16	2	0
39	22	0	2	0	0	3	0	234	0	0	1	2	6	54	0	2	1
97	13	0	4	1	1	8	0	0	0	0	1	1	13	0	15	2	1
15	18	0	1	0	0	1	1	0	0	0	1	2	0	336	23	2	0
30	17	0	1	0	0	1	1	0	0	0	1	2	9	303	17	2	0
15	14	0	1	0	0	1	0	0	0	0	1	2	3	35	17	2	0
33	13	0	1	0	0	3	0	0	0	0	1	2	8	288	29	2	0
59	9	0	1	0	0	1	1	0	0	0	1	2	11	0	23	2	0
10	12	0	1	0	0	1	0	75	20	0	1	2	0	110	6	2	0
17	7	0	1	0	0	1	0	56	0	0	1	2	8	9	12	2	0
41	12	0	1	0	0	2	1	0	0	0	1	2	29	44	9	2	0
33	13	0	2	0	0	3	1	0	0	0	1	2	6	234	30	2	0
31	11	0	1	0	0	1	1	0	0	0	1	2	8	325	19	2	0
23	18	0	1	0	0	1	1	0	0	0	1	2	4	101	23	2	0
32	17	0	1	0	0	3	1	0	0	0	1	2	8	2	0	2	1
11	13	0	1	0	0	1	1	0	0	0	1	2	0	0	23	2	0
69	2	0	2	1	3	1	0	320	0	0	1	1	4	0	25	2	1
40	12	0	1	0	0	2	0	0	0	0	1	1	25	393	22	2	0
12	15	0	1	0	0	1	0	0	0	0	1	2	0	436	23	2	0
1	4	0	0	0	0	1	0	0	0	0	1	1	0	152	14	2	0
12	15	0	1	0	0	1	1	0	0	0	1	1	0	103	38	2	0
25	20	0	1	0	0	2	0	0	0	0	1	2	7	2	7	2	1
13	15	0	1	0	0	1	1	0	0	0	1	2	0	92	13	2	0
15	17	0	1	0	0	1	0	59	15	0	1	2	0	7	0	2	1
49	18	0	1	0	0	5	1	256	0	0	1	2	6	185	13	2	0
62	23	0	1	0	0	2	0	0	0	0	1	2	12	147	23	2	0
17	4	0	0	1	1	1	0	56	0	0	1	1	6	22	5	2	1
3	6	0	1	0	0	1	1	0	0	0	1	1	0	72	38	2	0
34	26	0	2	0	0	2	0	279	60	0	1	2	5	1	17	2	1
83	9	0	1	0	0	1	1	0	0	0	1	2	9	0	23	2	0
9	11	0	1	0	0	1	1	0	0	0	1	2	0	10	16	2	0
22	12	0	1	0	0	2	0	0	0	0	1	1	7	423	22	2	0
62	22	0	1	1	3	3	1	279	0	0	1	2	15	1	7	2	1
18	12	0	1	0	0	1	1	0	0	0	1	2	8	0	26	2	0
18	22	0	1	0	0	0	0	0	0	0	0	2	0	7	0	2	1
150	15	0	8	1	4	9	0	282	0	0	1	2	12	6	25	2	1
23	25	0	1	0	0	1	0	0	0	0	1	2	0	7	0	2	1
21	25	0	1	0	0	0	0	0	0	0	0	2	0	114	17	2	0
24	27	0	3	0	0	1	1	0	0	0	1	1	0	30	38	2	1
40	12	0	1	0	0	2	0	0	0	0	1	1	25	306	22	2	0
66	21	0	2	0	0	4	0	210	0	0	1	1	16	0	38	2	0
5	9	0	1	0	0	0	0	0	0	0	0	1	0	0	38	2	0
30	14	0	1	0	0	3	1	0	0	0	1	2	6	356	25	2	0
64	9	0	1	0	0	2	0	0	0	0	1	1	11	229	9	2	0
25	28	0	1	0	0	1	0	0	0	0	1	2	0	220	0	2	0
7	9	0	1	0	0	1	1	0	0	0	1	1	0	194	38	2	0
1	0	0	0	0	0	1	0	0	0	0	1	0	4	2	12	2	1
42	17	0	1	0	0	4	0	148	0	0	1	2	7	2	0	2	1
107	26	0	1	0	0	5	0	265	54	0	1	1	40	3	24	2	1
62	10	1	4	0	0	6	1	299	75	0	1	1	9	4	38	2	1
17	19	0	1	0	0	1	0	201	41	0	1	2	0	7	0	2	1
12	14	0	1	0	0	1	1	0	0	0	1	2	0	37	9	2	0
57	27	0	1	0	0	2	0	0	0	0	1	2	10	128	23	2	0
25	17	0	1	0	0	2	1	0	0	0	1	2	10	69	25	2	0
14	17	0	1	0	0	1	1	0	0	0	1	2	0	20	10	2	0
21	11	0	1	0	0	3	1	0	0	0	1	1	7	161	8	2	1
27	10	0	2	0	0	3	0	248	0	0	1	1	6	114	22	2	0
8	11	0	1	0	0	1	1	0	0	0	1	2	0	224	7	2	0
59	14	0	1	0	0	2	1	0	0	0	1	2	14	95	15	2	0
121	16	0	2	0	0	2	0	415	16	0	1	0	56	0	38	2	1
54	29	0	1	0	0	2	0	284	0	0	1	1	12	0	5	2	1
70	13	0	1	0	0	5	0	149	0	0	1	2	11	9	35	2	0
26	12	0	1	0	0	2	0	0	0	0	1	1	11	256	22	2	0
63	20	0	2	0	0	2	1	0	0	0	1	2	11	123	18	2	0
20	23	0	1	0	0	1	0	0	0	0	1	1	0	1	11	2	1
5	7	0	1	0	0	1	1	0	0	0	1	1	0	212	16	2	0
21	11	0	1	0	0	2	0	0	0	0	1	1	7	0	20	2	1
43	22	0	1	0	0	2	1	0	0	0	1	2	11	181	27	2	0
2	4	0	0	0	0	1	0	0	0	0	1	1	0	15	18	2	0
20	23	0	1	0	0	1	0	0	0	0	1	2	0	337	0	2	0
21	21	0	1	0	0	1	1	0	0	0	1	2	3	386	20	2	0
97	19	0	2	1	1	3	0	169	0	0	1	2	11	3	24	2	1
83	12	0	1	2	1	5	0	341	0	0	1	2	20	1	25	2	1
55	9	0	1	0	0	4	1	0	0	0	1	2	11	0	22	2	0
67	18	0	1	0	0	6	0	66	0	0	1	2	15	0	3	2	1
18	21	0	1	0	0	1	0	0	0	0	1	2	0	69	0	2	0
9	11	0	1	0	0	1	1	0	0	0	1	1	0	135	12	2	0
114	12	0	2	1	1	2	0	124	0	0	1	2	12	0	24	2	1
12	7	0	0	0	0	1	0	156	0	0	1	1	7	10	11	2	1
11	14	0	1	0	0	1	1	295	58	0	1	2	0	26	8	2	0
10	6	0	0	0	0	1	0	330	0	0	1	1	6	1	8	2	1
9	13	0	0	0	0	0	0	79	19	0	0	1	0	65	38	2	0
19	21	0	2	0	0	1	1	0	0	0	1	1	0	151	12	2	0
27	20	0	2	0	0	1	0	0	0	0	1	2	5	127	14	2	1
43	10	0	2	0	0	4	1	0	0	0	1	1	9	77	38	2	1
163	12	0	3	1	4	4	2	384	0	0	1	2	6	0	23	2	1
35	15	0	1	0	0	1	1	0	0	0	1	2	8	39	9	2	0
6	10	0	1	0	0	0	0	0	0	0	0	1	0	1	13	2	0
56	25	0	3	0	0	3	0	178	0	0	1	2	8	0	23	2	0
21	13	0	1	0	0	3	1	0	0	0	1	1	6	0	20	2	1
68	14	0	1	0	0	2	1	0	0	0	1	2	36	211	25	2	0
28	22	0	1	0	0	2	0	34	0	0	1	4	5	103	9	2	0
51	26	0	1	0	0	2	0	294	0	0	1	1	12	0	4	2	1
74	12	0	1	0	0	10	0	85	0	1	1	1	9	17	38	2	1
21	24	0	2	0	0	1	1	0	0	1	1	1	0	63	38	2	0
99	18	0	2	0	0	4	0	1	0	0	1	2	10	26	19	2	0
20	12	0	1	0	0	2	0	0	0	0	1	1	5	403	22	2	0
22	24	0	2	0	0	1	1	0	0	1	1	1	0	114	38	2	0
27	8	0	2	0	0	2	0	0	0	0	1	1	10	32	38	2	1
57	10	0	1	0	0	3	1	0	0	0	1	2	9	151	23	2	0
30	12	0	1	0	0	2	0	0	0	0	1	1	15	432	22	2	0
115	28	0	1	1	1	5	0	208	52	0	1	1	43	3	24	2	1
28	12	0	1	1	1	1	0	34	20	0	1	2	0	1	8	2	1
64	10	0	3	1	1	1	1	100	0	0	1	2	4	3	17	2	0
91	13	0	2	1	1	8	0	0	0	0	1	1	13	0	15	2	1
61	10	0	3	1	1	1	1	105	0	0	1	2	4	3	17	2	0
74	33	0	1	0	0	5	0	195	0	0	1	2	6	99	23	2	0
19	15	0	0	0	0	2	0	0	0	0	1	2	4	0	6	2	1
40	12	0	1	0	0	3	0	310	0	0	1	2	24	6	25	2	1
12	15	0	1	0	0	0	0	0	0	0	0	2	0	0	38	2	1
111	21	0	2	0	0	5	1	0	0	0	1	2	17	0	24	2	0
77	23	0	1	0	0	4	0	82	0	0	1	1	39	3	24	2	1
18	21	0	1	0	0	1	0	0	0	0	1	2	0	197	17	2	0
26	8	0	0	0	0	4	0	95	50	0	1	2	9	130	11	2	0
15	18	0	2	0	0	1	1	0	0	0	1	1	0	42	38	2	0
14	9	0	2	0	0	1	1	0	0	0	1	1	7	383	28	2	0
42	28	0	1	0	0	2	0	0	0	0	1	2	5	204	20	2	0
54	13	0	2	0	0	3	1	0	0	0	1	2	10	0	27	2	0
23	25	0	1	0	0	1	0	0	0	0	1	2	0	13	17	2	0
52	13	0	2	0	0	5	1	0	0	0	1	2	9	106	38	2	0
17	19	0	1	0	0	1	1	0	0	0	1	2	0	91	12	2	0
37	18	0	2	0	0	3	1	71	0	0	1	1	15	233	18	2	0
93	7	0	1	0	0	5	1	67	0	0	1	2	22	223	29	2	0
51	6	0	0	0	0	1	0	294	0	0	1	2	10	62	21	2	0
33	19	0	1	0	0	2	1	0	0	0	1	2	10	220	24	2	0
28	16	0	1	0	0	2	0	0	0	0	1	2	10	363	19	2	0
35	15	0	2	1	1	1	0	250	0	0	1	2	8	99	29	2	0
8	6	0	0	0	0	1	0	186	0	0	1	2	5	0	38	2	1
24	20	0	2	0	0	2	0	0	0	0	1	2	4	23	5	2	1
24	12	0	1	0	0	3	0	0	0	0	1	2	8	6	25	2	1
24	27	0	1	0	0	1	1	0	0	0	1	2	0	56	14	2	0
63	11	0	1	0	0	4	1	0	0	0	1	2	10	67	26	2	0
15	18	0	1	0	0	1	1	0	0	0	1	2	0	89	22	2	0
9	11	0	1	0	0	1	1	0	0	0	1	2	0	41	17	2	0
51	11	0	3	0	0	4	1	0	0	0	1	1	12	335	38	2	0
38	16	0	1	0	0	4	1	0	0	0	1	2	7	25	27	2	0
53	15	0	1	0	0	5	0	307	0	0	1	2	11	1	11	2	1
22	15	0	0	0	0	3	0	0	0	0	1	2	4	1	11	2	1
8	12	0	1	0	0	0	0	0	0	0	0	1	0	157	14	2	0
10	12	0	1	0	0	1	1	0	0	0	1	2	0	85	23	2	0
114	12	0	2	1	1	2	0	86	0	0	1	2	12	0	24	2	1
31	7	0	0	0	0	3	0	82	0	0	1	2	8	3	7	2	1
4	8	0	0	0	0	0	0	0	0	0	0	4	0	0	9	2	0
8	6	0	0	0	0	2	0	0	0	0	1	2	4	6	7	2	1
70	14	0	1	0	0	2	1	63	0	0	1	2	12	97	15	2	0
43	24	0	2	0	0	2	1	0	0	0	1	1	16	181	11	2	0
6	9	0	1	0	0	1	1	0	0	0	1	2	0	67	20	2	0
9	13	0	0	0	0	0	0	0	0	0	0	1	0	342	38	2	0
10	12	0	1	0	0	1	1	0	0	0	1	1	0	97	38	2	0
11	15	0	2	0	0	0	0	0	0	0	0	1	0	245	38	2	0
26	11	0	2	0	0	2	1	0	0	0	1	1	7	12	38	2	1
20	6	0	0	0	0	2	0	0	0	0	1	1	5	82	2	2	1
66	16	0	1	0	0	7	0	0	0	0	1	2	11	0	22	2	1
15	17	0	1	0	0	1	1	0	0	0	1	2	0	79	13	2	0
11	13	0	1	0	0	1	1	0	0	0	1	2	0	125	12	2	0
11	14	0	1	0	0	1	1	0	0	0	1	2	0	10	10	2	0
16	7	0	0	0	0	1	0	0	0	0	1	2	11	6	23	2	0
40	11	0	2	0	0	3	1	0	0	0	1	2	12	259	23	2	0
9	11	0	1	0	0	1	1	0	0	0	1	2	0	164	15	2	0
83	18	0	3	1	3	2	0	52	0	0	1	2	5	0	19	2	1
90	46	0	2	1	1	1	0	270	0	1	1	2	7	0	1	2	1
16	16	0	0	0	0	2	0	0	0	0	1	2	2	0	11	2	1
150	13	0	1	0	0	11	0	228	0	0	1	1	26	38	20	2	1
78	15	0	1	0	0	5	1	108	0	0	1	1	13	136	22	2	0
39	19	0	2	1	1	1	1	0	0	0	1	2	6	183	21	2	0
16	20	0	1	0	0	0	0	0	0	0	0	1	0	5	23	2	1
17	20	0	1	0	0	1	1	0	0	0	1	2	0	58	16	2	0
20	9	0	1	0	0	1	0	0	0	0	1	2	9	24	18	2	0
19	22	0	1	0	0	1	1	0	0	0	1	2	0	151	16	2	0
16	18	0	1	0	0	1	0	0	0	0	1	2	0	7	0	2	1
14	17	0	1	0	0	1	1	0	0	0	1	2	0	293	17	2	0
12	14	0	1	0	0	1	1	0	0	0	1	2	0	161	26	2	0
17	19	0	1	0	0	1	1	0	0	0	1	2	0	18	20	2	0
16	19	0	1	0	0	1	1	0	0	0	1	2	0	0	7	2	0
10	12	0	1	0	0	1	1	0	0	0	1	1	0	459	38	2	0
31	31	0	0	0	0	2	0	0	0	0	1	0	2	0	12	2	1
63	21	0	1	0	0	4	1	194	0	0	1	1	10	166	15	2	0
53	8	0	0	0	0	5	0	246	0	0	1	2	10	288	19	2	0
45	12	0	1	1	1	3	0	16	0	0	1	2	14	6	25	2	1
91	14	0	0	0	0	2	0	219	0	0	1	2	10	46	17	2	0
13	11	0	1	0	0	3	1	0	0	0	1	1	2	2	38	2	1
117	13	0	1	1	5	1	0	344	0	0	1	2	0	0	28	2	1
47	17	0	2	0	0	3	1	0	0	0	1	2	11	33	13	2	0
19	4	0	0	0	0	2	0	48	0	0	1	1	10	20	38	2	1
27	14	0	1	0	0	2	1	0	0	0	1	2	9	108	28	2	0
102	12	0	4	2	2	5	1	200	0	0	1	1	4	0	38	2	1
28	12	0	1	1	1	1	0	309	0	0	1	3	4	95	11	2	0
13	15	0	0	0	0	1	0	0	0	0	1	1	0	0	38	2	0
13	16	0	1	0	0	0	1	0	0	0	0	2	0	344	12	2	0
16	6	0	0	0	0	3	0	0	0	0	1	2	7	0	22	2	1
6	8	0	1	0	0	1	1	0	0	0	1	2	0	161	26	2	0
29	12	0	1	0	0	1	1	0	0	0	1	2	19	0	26	2	0
77	11	0	1	0	0	4	1	0	0	0	1	2	11	68	26	2	0
21	23	0	1	0	0	1	0	0	0	0	1	2	0	0	8	2	1
45	11	0	1	0	0	2	1	0	0	0	1	2	35	142	27	2	0
8	11	0	1	0	0	1	1	0	0	0	1	2	0	24	17	2	0
17	19	0	1	0	0	1	1	0	0	0	1	2	0	174	7	2	0
28	11	0	1	1	1	1	1	243	0	0	1	2	5	14	18	2	0
29	21	0	1	0	0	1	0	86	11	0	1	2	10	1	8	2	1
66	7	0	2	0	0	3	0	185	0	0	1	1	14	0	20	2	0
52	13	0	2	0	0	2	1	123	0	0	1	2	9	316	22	2	0
57	32	0	1	0	0	2	0	0	0	0	1	2	10	138	23	2	0
62	13	0	0	0	0	3	0	220	0	0	1	2	11	174	19	2	0
30	25	0	1	0	0	1	0	413	72	0	1	2	7	0	12	2	1
8	11	0	1	0	0	1	0	0	0	0	1	2	0	15	25	2	0
23	16	0	2	0	0	1	1	0	0	0	1	2	4	18	24	2	0
47	20	0	2	0	0	1	1	0	0	0	1	2	10	57	7	2	0
60	11	0	2	1	1	3	0	137	0	0	1	1	26	344	27	2	1
32	16	0	2	0	0	2	1	0	0	0	1	2	7	48	25	2	0
19	21	0	1	0	0	1	1	0	0	0	1	2	0	283	20	2	0
78	13	0	2	0	0	3	1	0	0	0	1	2	11	82	38	2	0
70	6	0	1	0	0	5	0	345	0	0	1	1	32	1	11	2	1
34	13	0	2	0	0	2	1	27	19	0	1	2	13	455	23	2	0
117	31	0	1	1	1	5	0	84	0	0	1	1	43	3	24	2	1
83	18	0	2	0	0	2	1	0	0	0	1	2	36	0	16	2	0
37	12	0	1	0	0	3	0	71	0	0	1	2	21	6	25	2	1
30	10	0	2	0	0	2	1	84	0	0	1	1	9	413	24	2	0
0	2	0	0	0	0	1	0	270	66	0	1	1	0	183	12	2	0
21	10	0	1	0	0	3	1	0	0	0	1	2	8	285	17	2	0
6	10	0	1	0	0	0	0	0	0	0	0	1	0	170	10	2	0
26	16	0	1	0	0	3	1	0	0	0	1	2	7	0	20	2	1
32	29	0	2	0	0	1	0	0	0	1	1	1	5	2	9	2	1
44	13	0	1	0	0	2	1	17	0	0	1	2	11	65	15	2	0
85	10	0	2	0	0	5	1	277	0	0	1	2	11	122	34	2	0
59	15	0	2	0	0	3	0	173	0	0	1	1	9	199	0	2	0
26	30	0	1	0	0	0	0	0	0	0	0	2	0	7	0	2	1
37	7	0	2	0	0	3	0	162	0	0	1	1	11	2	1	2	1
30	32	0	1	0	0	1	1	0	0	0	1	2	0	38	12	2	0
39	12	0	1	0	0	2	0	0	0	0	1	2	17	377	19	2	0
28	13	0	2	0	0	1	1	0	0	0	1	1	7	135	15	2	0
11	13	0	1	0	0	1	0	0	0	0	1	2	0	256	16	2	0
0	0	0	0	0	0	1	0	137	62	0	1	0	3	12	14	2	1
38	12	0	1	0	0	2	0	69	0	0	1	1	12	397	22	2	0
40	15	0	1	0	0	2	0	323	0	0	1	1	12	0	10	2	1
13	16	0	1	0	0	1	1	0	0	0	1	1	0	22	8	2	0
56	11	0	1	0	0	4	1	0	0	0	1	2	10	241	17	2	0
122	28	0	2	0	0	1	0	128	5	0	1	2	55	1	22	2	1
11	13	0	2	0	0	1	1	0	0	0	1	1	0	107	38	2	0
12	14	0	1	0	0	1	1	0	0	0	1	2	0	131	27	2	0
21	25	0	1	0	0	0	0	0	0	0	0	2	0	7	0	2	1
42	29	0	2	0	0	1	0	19	0	0	1	2	9	21	17	2	0
17	21	0	1	0	0	0	0	128	26	0	0	2	0	7	0	2	1
43	14	0	0	1	1	3	0	218	0	0	1	2	4	0	11	2	1
10	12	0	1	0	0	1	1	0	0	0	1	2	0	375	16	2	0
14	17	0	1	0	0	1	1	0	0	0	1	2	0	74	24	2	0
99	27	0	3	1	1	8	0	145	21	0	1	2	9	0	7	2	1
19	21	0	1	0	0	1	1	0	0	0	1	1	0	41	38	2	0
37	12	0	1	0	0	3	0	0	0	0	1	2	6	6	25	2	1
47	11	0	1	0	0	4	0	206	0	0	1	2	6	0	17	2	0
32	8	0	2	0	0	3	1	226	0	0	1	2	7	0	38	2	0
84	12	0	1	1	3	2	0	234	0	0	1	2	6	101	28	2	0
18	22	0	1	0	0	0	0	251	47	0	0	2	0	19	0	2	0
29	8	0	2	0	0	3	0	32	0	0	1	1	7	0	38	2	1
36	9	0	2	0	0	2	1	379	0	0	1	2	8	231	28	2	0
28	10	0	1	0	0	3	1	0	0	0	1	2	12	158	19	2	0
26	13	0	1	0	0	2	1	0	0	0	1	2	14	0	19	2	0
11	13	0	1	0	0	1	1	0	0	0	1	2	0	381	23	2	0
11	11	0	1	0	0	1	1	0	0	0	1	2	2	285	9	2	0
8	3	0	0	0	0	1	0	82	0	0	1	1	7	0	5	2	1
22	20	0	1	0	1	1	0	109	28	0	1	2	0	9	17	2	0
42	6	0	1	0	0	3	1	0	0	0	1	0	21	80	11	2	1
36	9	0	2	0	0	4	0	0	0	0	1	1	9	0	6	2	1
16	19	0	1	0	0	1	1	0	0	0	1	2	0	0	8	2	0
25	28	0	1	0	0	1	0	0	0	0	1	2	0	434	0	2	0
19	22	0	1	0	0	1	1	0	0	0	1	1	0	191	38	2	0
26	14	0	3	0	0	2	1	0	0	0	1	1	6	36	8	2	1
33	15	0	1	0	0	2	1	0	0	0	1	2	11	127	9	2	0
20	8	0	1	0	0	2	0	0	0	0	1	1	5	0	38	2	1
21	12	0	1	0	0	2	0	0	0	0	1	1	6	371	22	2	0
63	11	0	2	0	0	3	1	162	0	0	1	2	35	226	31	2	0
25	27	0	1	0	0	1	1	0	0	0	1	2	0	408	11	2	0
4	6	0	0	0	0	1	0	0	0	0	1	3	0	105	5	2	0
35	11	0	2	0	0	4	0	170	0	0	1	2	8	182	34	2	0
20	18	0	2	0	0	2	0	183	13	0	1	1	4	107	38	2	0
21	12	0	2	0	0	1	0	0	0	0	1	1	7	1	38	2	1
22	10	0	1	1	0	1	0	308	24	0	1	2	10	2	8	2	1
37	15	0	0	0	0	2	0	0	0	0	1	2	13	68	21	2	0
52	14	0	0	0	0	4	0	222	0	0	1	2	9	1	9	2	0
28	11	0	1	1	1	1	1	146	0	0	1	2	5	14	18	2	0
23	7	0	2	0	0	3	1	0	0	0	1	1	7	0	0	2	1
28	10	0	2	0	0	3	0	276	0	0	1	1	6	143	22	2	0
61	30	0	1	0	0	2	0	0	0	0	1	2	9	122	23	2	0
11	13	0	2	0	0	1	1	0	0	0	1	1	0	103	17	2	0
37	9	0	0	0	0	3	0	204	0	0	1	2	16	60	8	2	0
103	15	0	1	0	0	7	1	212	0	0	1	2	10	55	27	2	0
11	13	0	1	0	0	1	1	0	0	0	1	1	0	189	38	2	0
54	14	0	1	0	0	3	1	119	0	0	1	2	10	184	20	2	0
58	9	0	1	0	0	3	1	0	0	0	1	2	9	196	17	2	0
34	23	0	2	0	0	1	0	253	58	0	1	2	5	100	21	2	1
12	14	0	0	0	0	1	0	0	0	0	1	1	0	4	15	2	0
46	17	0	2	0	0	1	0	15	0	0	1	2	8	133	17	2	0
57	34	0	2	0	0	1	0	0	0	0	1	2	7	0	2	2	1
56	11	0	3	1	2	3	0	10	0	0	1	2	7	37	25	2	0
30	20	0	1	0	0	2	0	270	0	0	1	1	6	65	22	2	0
19	21	0	1	0	0	1	0	0	0	0	1	2	0	7	0	2	1
63	12	0	1	0	0	3	1	0	0	0	1	2	11	57	19	2	0
10	12	0	1	0	0	1	1	0	0	0	1	1	0	15	15	2	0
17	21	0	1	0	0	0	0	56	11	0	0	2	0	7	0	2	1
27	14	0	3	0	0	2	0	0	0	0	1	1	5	0	16	2	1
10	3	0	0	1	1	1	0	0	0	0	1	1	0	44	38	2	0
9	13	0	0	0	0	0	0	0	0	0	0	1	0	1	38	2	0
43	22	0	2	0	0	1	1	0	0	0	1	2	11	187	14	2	0
27	29	0	1	0	0	1	1	0	0	0	1	1	0	122	20	2	0
80	11	0	1	0	0	4	1	364	0	0	1	2	28	6	28	2	0
80	13	0	1	0	0	3	1	105	0	0	1	2	46	102	23	2	0
17	10	0	1	0	0	2	0	256	0	0	1	2	4	351	28	2	0
23	27	0	1	0	0	0	0	0	0	0	0	2	0	7	0	2	1
28	14	0	1	0	0	2	1	0	0	0	1	2	10	82	28	2	0
29	11	0	1	0	0	3	1	0	0	0	1	2	7	6	28	2	0
21	21	0	1	0	0	1	1	0	0	0	1	2	3	302	20	2	0
9	11	0	1	0	0	1	0	0	0	0	1	2	0	2	25	2	0
30	17	0	0	0	0	4	0	31	0	0	1	2	7	2	0	2	1
17	19	0	1	0	0	1	1	0	0	0	1	2	0	329	25	2	0
12	15	0	1	0	0	1	1	0	0	0	1	2	0	221	7	2	0
13	16	0	1	0	0	1	1	0	0	0	1	2	0	53	22	2	0
15	17	0	1	0	0	1	1	0	0	0	1	2	0	210	6	2	0
11	14	0	1	0	0	1	1	0	0	0	1	2	0	183	9	2	0
148	26	0	1	0	2	3	0	285	0	0	1	2	58	0	7	2	1
60	10	0	3	1	1	1	1	106	0	0	1	2	4	3	17	2	0
60	18	0	2	0	0	2	1	0	0	0	1	2	34	1	20	2	0
29	31	0	1	0	0	1	0	0	0	0	1	2	0	5	0	2	1
33	14	0	2	0	0	1	0	0	0	0	1	1	9	117	4	2	1
81	16	0	0	0	0	5	0	221	0	0	1	2	10	213	12	2	0
14	16	0	2	0	0	1	1	0	0	0	1	1	0	216	26	2	0
10	12	0	0	0	0	1	0	0	0	0	1	1	0	103	16	2	0
46	8	0	2	0	0	2	1	241	0	0	1	2	22	0	22	2	0
15	17	0	1	0	0	1	1	0	0	0	1	2	0	47	6	2	0
22	14	0	1	0	0	1	1	0	0	0	1	2	11	120	25	2	0
16	18	0	1	0	0	1	1	0	0	0	1	2	0	173	9	2	0
21	23	0	1	0	0	1	1	0	0	0	1	2	0	0	11	2	0
27	10	0	2	0	0	3	0	248	0	0	1	1	6	66	22	2	0
55	20	0	2	0	0	6	0	354	0	0	1	2	12	16	16	2	0
73	13	0	1	0	0	2	1	0	0	0	1	2	9	35	8	2	0
12	15	0	1	0	0	1	1	0	0	0	1	2	0	47	16	2	0
7	9	0	1	0	0	1	1	0	0	0	1	1	0	196	13	2	0
7	9	0	1	0	0	1	0	86	25	0	1	2	0	0	5	2	1
35	13	0	2	0	0	2	1	0	0	0	1	2	19	51	22	2	0
8	11	0	1	0	0	1	1	0	0	0	1	1	0	100	12	2	0
36	19	0	1	0	0	2	1	0	0	0	1	2	10	141	24	2	0
43	12	0	1	0	0	3	0	0	0	0	1	2	16	6	25	2	1
65	21	0	1	0	0	3	1	99	0	0	1	2	8	104	24	2	0
32	12	0	1	0	0	2	0	0	0	0	1	1	17	427	22	2	0
11	13	0	1	0	0	1	1	0	0	0	1	2	0	189	8	2	0
70	17	0	1	0	1	4	1	358	0	0	1	2	32	82	14	2	1
69	24	0	2	0	0	1	1	0	0	0	1	2	12	56	14	2	0
53	29	0	2	0	0	1	1	0	0	0	1	2	7	117	16	2	0
116	20	0	2	1	3	4	0	343	0	0	1	1	7	0	12	2	1
72	12	0	1	0	0	2	1	171	0	0	1	2	48	142	38	2	0
9	11	0	1	0	0	1	1	0	0	0	1	2	0	5	7	2	0
28	21	0	1	0	0	1	1	0	0	0	1	2	10	266	20	2	0
36	19	0	1	0	0	2	1	0	0	0	1	2	10	152	24	2	0
21	15	0	1	0	0	3	1	0	0	0	1	2	4	46	15	2	1
31	13	0	0	0	0	2	0	0	0	0	1	2	11	33	10	2	1
39	10	0	1	0	0	2	0	0	0	0	1	2	16	368	19	2	0
88	31	0	3	0	0	3	0	120	0	0	1	2	9	0	23	2	0
44	17	0	1	0	0	5	0	0	0	0	1	2	10	97	25	2	0
20	24	0	1	0	0	0	0	117	24	0	0	2	0	132	0	2	0
61	16	0	1	0	0	2	1	41	0	0	1	2	13	339	8	2	0
58	11	0	3	1	2	3	0	0	0	0	1	2	7	37	25	2	0
62	36	0	1	0	0	1	0	0	0	0	1	2	10	270	20	2	0
14	16	0	1	0	0	1	1	0	0	0	1	2	0	183	23	2	0
35	19	0	1	0	0	2	1	0	0	0	1	2	10	185	24	2	0
31	12	0	1	0	0	2	0	0	0	0	1	1	16	447	22	2	0
10	12	0	1	0	0	1	1	0	0	0	1	2	0	94	10	2	0
10	12	0	1	0	0	1	1	0	0	0	1	2	0	69	6	2	0
33	13	0	2	0	0	1	1	0	0	0	1	2	7	151	18	2	0
36	14	0	1	0	0	2	1	25	0	0	1	2	9	271	19	2	0
70	12	0	0	0	0	4	0	0	0	0	1	2	8	43	19	2	0
18	20	0	1	0	0	1	1	0	0	0	1	2	0	78	12	2	0
83	22	0	1	0	0	7	1	361	0	0	1	1	32	40	9	2	1
14	17	0	1	0	0	1	0	0	0	0	1	2	0	0	8	2	1
42	17	0	1	0	0	2	0	0	0	0	1	2	13	453	20	2	0
84	21	0	1	1	0	4	0	50	0	0	1	1	36	3	24	2	1
61	9	0	2	0	0	3	1	74	0	0	1	2	11	93	23	2	0
28	10	0	2	0	0	3	0	276	0	0	1	1	6	304	22	2	0
109	22	0	2	0	0	8	1	189	0	0	1	2	11	0	25	2	0
26	16	0	2	0	0	1	1	0	0	0	1	2	8	422	24	2	0
17	15	0	1	0	0	2	1	0	0	0	1	2	4	80	20	2	0
36	10	0	0	0	0	3	0	0	0	0	1	2	10	115	13	2	0
14	17	0	1	0	0	1	1	0	0	0	1	1	0	28	38	2	0
15	18	0	1	0	0	1	1	0	0	0	1	1	0	36	38	2	0
6	10	0	1	0	0	0	0	0	0	0	0	1	0	5	22	2	1
15	6	0	0	0	0	2	0	0	0	0	1	2	5	262	15	2	0
40	12	0	1	0	0	2	0	0	0	0	1	1	25	183	22	2	0
39	12	0	1	0	0	3	0	0	0	0	1	1	15	103	19	2	0
7	9	0	0	0	0	1	0	0	0	0	1	1	0	247	38	2	0
82	11	0	1	0	0	5	1	54	0	0	1	2	8	156	24	2	0
13	2	0	0	0	0	1	0	409	0	0	1	1	4	2	38	2	1
48	23	0	1	0	0	2	0	301	0	0	1	1	12	0	10	2	1
33	25	0	1	0	0	2	0	0	0	0	1	1	7	14	38	2	1
75	2	0	5	1	0	3	0	297	71	0	1	1	0	2	38	2	1
13	15	0	1	0	0	1	1	0	0	0	1	1	0	104	0	2	0
10	12	0	1	0	0	1	1	0	0	0	1	2	0	0	18	2	0
37	12	0	1	0	0	2	0	0	0	0	1	1	22	265	22	2	0
65	23	0	2	0	0	3	0	158	0	1	1	1	9	262	0	2	0
63	20	0	1	0	0	3	1	0	0	0	1	2	8	303	16	2	0
6	8	0	1	0	0	1	1	0	0	0	1	2	0	156	26	2	0
73	24	0	1	0	0	3	0	116	0	0	1	2	9	194	14	2	0
3	7	0	1	0	0	0	0	113	30	0	0	1	0	0	13	2	0
65	16	0	2	0	0	4	1	236	0	0	1	2	9	92	27	2	0
38	20	0	1	0	0	2	1	0	0	0	1	2	8	30	17	2	0
41	11	0	1	0	0	2	1	192	0	0	1	2	24	14	18	2	0
23	27	0	1	0	0	0	0	224	40	0	0	1	0	0	38	2	1
3	7	0	1	0	0	0	0	0	0	0	0	1	0	69	38	2	0
88	25	0	1	0	0	3	0	94	0	0	1	2	15	182	14	2	0
11	13	0	1	0	0	1	1	0	0	0	1	1	0	458	11	2	0
7	9	0	1	0	0	1	1	0	0	0	1	2	0	83	14	2	0
74	26	0	3	0	0	3	0	138	0	0	1	2	11	0	23	2	0
18	21	0	1	0	0	1	0	0	0	0	1	2	0	187	0	2	0
45	23	0	3	0	0	4	0	16	9	0	1	1	8	0	38	2	1
20	12	0	0	0	0	3	0	0	0	0	1	1	7	152	38	2	0
18	16	0	1	0	1	1	0	0	0	0	1	2	0	128	17	2	0
109	16	0	1	0	0	4	1	0	0	0	1	2	10	153	25	2	0
51	23	0	1	1	1	2	1	12	0	0	1	2	10	12	10	2	0
26	16	0	2	0	0	1	1	0	0	0	1	2	4	1	17	2	0
42	24	0	3	0	0	1	1	0	0	0	1	1	17	271	38	2	0
14	17	0	1	0	0	1	1	0	0	0	1	2	0	110	11	2	0
40	14	0	2	0	0	4	1	0	0	0	1	1	7	1	7	2	1
59	17	0	2	0	0	2	1	0	0	0	1	2	7	51	23	2	0
95	15	0	2	0	0	1	1	230	0	0	1	2	18	197	24	0	0
0	0	0	0	0	0	1	0	270	62	0	1	0	3	12	38	1	1
8	10	0	1	0	0	1	1	0	0	0	1	1	0	403	0	0	0
142	23	0	1	1	2	3	0	260	0	0	1	2	8	0	24	1	1
146	33	0	4	1	2	3	0	349	73	0	1	2	16	10	22	1	1
56	15	0	1	0	0	1	0	0	0	0	1	2	42	101	24	0	0
21	25	0	1	0	0	0	0	0	0	0	0	1	0	5	23	1	1
52	14	0	1	0	0	3	1	193	0	0	1	2	8	51	20	1	0
11	13	0	1	0	0	1	1	0	0	0	1	2	0	214	22	0	0
28	32	0	1	0	0	0	0	0	0	0	0	2	0	4	0	1	1
15	15	0	1	0	0	2	1	0	0	0	1	2	2	0	10	1	1
6	10	0	1	0	0	0	1	0	0	0	0	1	0	141	38	0	0
12	15	0	1	0	0	1	1	0	0	0	1	2	0	50	7	0	0
37	24	0	1	0	0	2	1	0	0	0	1	2	10	136	16	0	0
15	17	0	1	0	0	1	1	0	0	0	1	2	0	2	22	0	0
8	11	0	1	0	0	1	1	0	0	0	1	2	0	0	8	0	0
8	12	0	0	0	0	0	0	0	0	0	0	1	0	24	6	0	0
32	15	0	2	0	0	2	0	0	0	0	1	2	10	63	26	0	0
127	17	0	1	1	5	4	1	324	0	0	1	2	32	82	14	1	1
29	11	0	0	0	0	2	0	0	0	0	1	2	16	274	16	0	0
46	26	0	1	0	0	1	0	0	0	0	1	2	11	209	20	0	0
52	13	0	1	0	0	2	0	0	0	0	1	2	32	48	19	1	0
15	19	0	1	0	0	0	0	211	41	0	0	2	0	7	0	0	1
13	17	0	1	0	0	0	0	0	0	0	0	2	0	2	17	0	0
30	14	0	2	0	0	2	0	0	0	0	1	0	6	378	22	1	0
14	16	0	1	0	0	1	1	0	0	0	1	1	0	150	20	0	0
67	11	0	2	0	0	4	1	0	0	0	1	2	26	50	25	1	0
11	14	0	1	0	0	0	1	0	0	0	0	1	0	110	5	0	1
16	19	0	1	0	0	1	1	0	0	0	1	2	0	35	11	0	0
34	14	0	2	0	0	3	1	253	0	0	1	2	6	0	13	1	0
3	6	0	1	0	0	1	0	0	0	0	1	0	0	2	5	0	1
131	10	0	1	0	0	8	0	385	45	0	1	1	23	26	38	1	1
76	14	0	1	0	0	2	1	0	0	0	1	2	16	74	17	1	0
60	16	0	1	1	2	2	0	106	0	0	1	2	13	0	25	0	0
17	19	0	1	0	0	1	1	0	0	0	1	2	0	48	23	0	0
23	25	0	1	0	0	1	1	0	0	0	1	1	0	136	38	0	0
35	16	0	2	0	0	3	1	0	0	0	1	2	8	50	24	0	0
57	28	0	1	0	0	1	1	0	0	0	1	2	6	122	8	0	0
30	11	0	2	0	0	2	1	0	0	0	1	2	11	84	18	0	0
16	18	0	1	0	0	1	1	0	0	0	1	1	0	62	8	0	0
69	12	0	1	1	1	4	0	151	0	0	1	2	33	6	25	1	1
9	12	0	1	0	0	1	1	0	0	0	1	2	0	136	12	0	0
11	8	0	0	0	0	2	0	0	0	0	1	2	3	29	7	1	1
34	12	0	1	0	0	2	0	0	0	0	1	1	19	448	22	0	0
10	13	0	1	0	0	1	1	0	0	0	1	2	0	200	11	0	0
75	12	0	1	0	0	4	1	3	0	0	1	2	10	157	17	0	0
9	12	0	1	0	0	1	0	0	0	0	1	1	0	5	22	1	1
38	12	0	2	0	0	3	1	0	0	0	1	2	10	188	23	0	0
70	10	0	0	0	0	1	0	202	0	0	1	2	9	66	18	0	0
11	13	0	2	0	0	1	1	0	0	0	1	1	0	230	38	0	0
32	12	0	1	0	0	2	0	0	0	0	1	1	17	280	22	0	0
46	12	0	2	0	0	3	1	0	0	0	1	2	11	89	22	0	0
50	16	0	3	0	0	2	1	229	0	0	1	2	24	0	38	0	0
12	15	0	1	0	0	1	1	0	0	0	1	1	0	275	17	0	0
20	10	0	1	0	0	2	1	0	0	0	1	2	8	82	21	0	0
53	14	0	1	0	0	2	1	155	0	0	1	2	7	65	16	0	0
15	18	0	1	0	0	1	1	59	13	0	1	2	0	0	0	0	0
14	17	0	1	0	0	1	0	0	0	0	1	2	0	0	20	0	0
55	39	0	4	1	1	1	0	151	14	1	1	2	0	0	4	1	1
90	14	0	2	0	0	3	1	117	0	0	1	2	9	139	11	0	0
42	19	0	2	0	0	1	1	0	0	0	1	2	7	25	25	0	0
16	20	0	1	0	0	0	1	0	0	0	0	2	0	282	12	0	0
9	12	0	2	0	0	1	1	0	0	0	1	0	0	21	14	1	0
12	15	0	1	0	0	1	1	0	0	0	1	2	0	1	18	0	0
44	11	0	1	0	0	2	1	0	0	0	1	2	34	137	27	0	0
15	17	0	1	0	0	1	0	0	0	0	1	1	0	7	0	1	1
27	18	0	1	0	0	3	1	0	0	0	1	2	8	284	24	0	0
24	27	0	1	0	0	1	1	0	0	0	1	2	0	174	10	0	0
18	7	0	1	0	0	3	1	0	0	0	1	1	4	240	38	0	0
26	17	0	1	0	0	2	0	288	64	0	1	1	11	1	23	1	1
35	12	0	2	0	0	2	1	75	0	0	1	2	10	20	23	0	0
10	12	0	1	0	0	1	1	0	0	0	1	2	0	81	27	0	0
40	14	0	1	0	0	4	1	21	18	0	1	2	10	124	13	1	0
21	11	0	1	0	0	2	0	113	0	0	1	2	5	6	9	1	1
15	17	0	1	0	0	1	1	0	0	0	1	2	0	78	26	0	0
7	10	0	2	0	0	1	1	0	0	0	1	1	0	360	15	0	0
55	23	0	3	1	1	1	1	0	0	0	1	1	0	83	14	0	0
27	10	0	1	1	1	1	0	91	45	0	1	2	0	1	8	1	1
12	15	0	1	0	0	1	1	0	0	0	1	2	0	260	6	0	0
15	9	0	1	0	0	1	1	0	0	0	1	2	4	61	13	0	0
23	14	0	2	0	0	2	0	0	0	0	1	0	6	125	22	1	0
62	23	0	2	0	0	2	1	395	0	0	1	2	32	0	0	1	1
52	24	0	2	0	0	3	1	0	0	0	1	2	10	51	22	0	0
19	7	0	0	0	0	1	0	0	0	0	1	2	14	6	23	2	0
40	12	0	1	0	0	2	1	0	0	0	1	2	29	46	26	2	0
30	17	0	1	0	0	3	1	0	0	0	1	2	8	49	13	2	0
35	21	0	1	0	0	2	0	26	11	0	1	1	8	10	17	2	1
162	12	0	3	1	4	4	2	388	0	0	1	2	6	0	23	2	1
6	8	0	1	0	0	1	1	0	0	0	1	1	0	102	38	2	0
12	15	0	1	0	0	1	1	0	0	0	1	2	0	12	11	2	0
51	18	0	1	0	0	2	1	0	0	0	1	2	11	77	15	2	0
35	20	0	1	0	0	3	1	0	0	0	1	2	11	63	15	2	1
16	19	0	1	0	0	0	0	0	0	0	0	2	0	7	0	2	1
18	9	0	1	1	1	1	1	0	0	0	1	1	0	27	24	2	0
21	17	0	1	0	0	1	0	45	0	0	1	2	7	0	10	2	1
30	12	0	1	0	0	2	0	0	0	0	1	1	15	433	22	2	0
29	12	0	1	0	0	2	0	0	0	0	1	1	14	387	22	2	0
28	11	0	1	1	1	1	1	88	0	0	1	2	5	14	18	2	0
18	20	0	1	0	0	1	1	0	0	0	1	2	0	79	10	2	0
152	13	0	2	1	4	1	0	392	0	0	1	2	5	0	28	2	1
16	15	0	1	0	0	2	0	0	0	0	1	1	3	415	38	2	0
8	7	0	0	0	0	2	0	0	0	0	1	1	3	180	38	2	0
8	10	0	1	0	0	1	1	0	0	0	1	1	0	216	15	2	0
14	16	0	1	0	0	1	1	0	0	0	1	2	0	5	6	2	0
49	16	0	2	0	0	1	1	0	0	0	1	2	9	25	21	2	0
13	15	0	1	0	0	1	1	0	0	0	1	2	0	280	10	2	0
57	9	0	2	0	0	4	0	313	0	0	1	2	12	83	38	2	0
59	14	0	3	0	1	4	0	230	0	0	1	2	8	36	32	2	0
19	17	0	1	0	1	1	0	365	68	0	1	2	0	9	17	2	0
7	11	0	1	0	0	0	0	0	0	0	0	1	0	135	5	2	0
34	16	0	1	0	0	2	1	0	0	0	1	2	13	80	27	2	0
58	9	0	1	0	0	1	1	0	0	0	1	2	8	0	23	2	0
16	19	0	1	0	0	0	0	206	41	0	0	2	0	7	0	2	1
12	15	0	1	0	0	1	1	0	0	0	1	2	0	21	5	2	0
73	15	0	3	0	0	4	1	168	0	0	1	1	9	225	26	2	0
40	9	0	2	0	0	5	0	196	0	0	1	2	9	87	29	2	0
59	3	0	0	0	0	2	0	0	0	0	1	1	12	41	12	2	0
8	10	0	2	0	0	1	1	0	0	0	1	1	0	324	38	2	0
68	14	0	1	0	0	3	0	0	0	0	1	2	9	96	28	2	0
39	16	0	2	0	0	1	1	0	0	0	1	2	9	64	21	2	0
25	12	0	0	0	0	2	0	0	0	0	1	2	10	130	18	2	0
33	37	0	5	0	0	0	0	0	0	0	0	1	0	0	38	2	1
123	28	0	2	0	0	1	0	112	0	0	1	2	55	1	22	2	1
21	12	0	1	0	0	1	1	0	0	0	1	2	11	0	26	2	0
23	27	0	1	0	0	0	0	0	0	0	0	2	0	7	0	2	1
10	12	0	1	0	0	1	1	0	0	0	1	1	0	41	10	2	0
17	19	0	2	0	0	1	1	0	0	0	1	1	0	229	9	2	0
66	11	0	2	0	0	4	1	127	0	0	1	2	27	0	25	2	0
130	17	0	3	0	0	1	0	367	0	0	1	2	57	90	19	2	1
77	20	0	2	0	0	4	1	0	0	0	1	2	18	0	14	2	1
82	12	0	1	0	1	4	1	0	0	0	1	2	27	196	24	2	0
133	17	0	2	1	4	4	1	271	0	0	1	2	32	82	14	2	1
114	12	0	2	1	1	2	0	70	0	0	1	2	12	0	24	2	1
10	12	0	0	0	0	1	0	0	0	0	1	4	0	156	8	2	0
34	12	0	1	0	0	2	0	0	0	0	1	1	19	417	22	2	0
11	14	0	1	0	0	1	1	0	0	0	1	2	0	155	6	2	0
10	13	0	1	0	0	1	1	0	0	0	1	2	0	61	22	2	0
14	16	0	1	0	0	1	1	0	0	0	1	2	0	78	16	2	0
14	17	0	1	0	0	1	1	0	0	0	1	2	0	54	14	2	0
38	16	0	1	0	0	2	1	115	0	0	1	2	9	0	27	2	0
41	17	0	1	0	0	4	1	0	0	0	1	2	8	0	0	2	1
48	20	0	1	0	0	1	1	14	0	0	1	2	7	78	15	2	0
29	31	0	1	0	0	1	0	0	0	0	1	2	0	123	0	2	0
28	11	0	2	0	0	3	0	243	0	0	1	1	6	330	22	2	0
42	8	0	2	0	0	5	1	148	0	0	1	2	11	0	28	2	0
29	11	0	2	0	0	3	0	272	0	0	1	1	6	223	22	2	0
18	12	0	1	0	0	1	1	0	0	0	1	2	8	0	26	2	0
50	13	0	1	0	0	3	0	378	0	0	1	1	24	229	21	2	0
31	12	0	1	0	0	4	1	0	0	0	1	2	6	344	20	2	0
18	20	0	1	0	0	1	1	0	0	0	1	2	0	78	10	2	0
6	8	0	1	0	0	1	1	0	0	0	1	2	0	95	24	2	0
41	27	0	2	0	0	1	0	20	0	0	1	2	7	62	24	2	0
26	27	0	1	0	0	1	1	0	0	0	1	2	2	80	7	2	0
11	13	0	1	0	0	1	1	0	0	0	1	1	0	272	38	2	0
12	12	0	1	0	0	2	1	0	0	0	1	2	2	308	7	2	0
21	24	0	1	0	0	1	0	0	0	0	1	2	0	10	0	2	0
55	14	0	2	0	0	2	1	0	0	0	1	2	21	37	20	2	0
26	28	0	1	0	0	1	0	0	0	0	1	2	0	267	23	2	0
10	12	0	1	0	0	1	0	0	0	0	1	2	0	0	14	2	1
12	14	0	1	0	0	1	1	0	0	0	1	1	0	48	38	2	0
23	10	0	2	0	0	3	0	0	0	0	1	1	5	21	25	2	0
33	13	0	3	0	0	2	1	221	0	0	1	2	9	0	38	2	0
30	14	0	1	0	0	2	0	191	0	0	1	1	9	0	6	2	1
61	16	0	1	0	0	2	1	0	0	0	1	2	10	129	15	2	0
16	20	0	1	0	0	0	0	0	0	0	0	2	0	7	0	2	1
62	4	0	1	1	0	5	0	0	0	0	1	1	24	1	19	2	1
36	20	0	2	0	0	2	1	246	0	0	1	2	8	194	19	2	0
18	15	0	1	0	0	2	1	0	0	0	1	2	5	150	22	2	0
78	14	0	3	0	0	6	1	0	0	0	1	2	15	1	38	2	0
83	17	0	1	0	0	4	1	0	0	0	1	2	10	162	18	2	0
28	10	0	1	0	0	2	1	0	0	0	1	2	10	61	16	2	0
8	11	0	1	0	0	1	1	0	0	0	1	2	0	224	24	2	0
17	11	0	1	0	0	1	0	0	0	0	1	2	8	143	24	2	0
27	15	0	1	0	0	2	0	35	17	0	1	2	9	208	18	2	0
33	16	0	2	0	0	2	1	256	0	0	1	2	8	42	24	2	0
39	7	0	1	0	0	2	0	264	0	0	1	2	32	0	24	2	1
39	14	0	2	0	0	3	0	234	0	0	1	2	8	73	32	2	0
12	15	0	1	0	0	1	1	0	0	0	1	2	0	102	19	2	0
29	22	0	1	0	0	2	0	0	0	0	1	4	9	259	9	2	0
11	14	0	1	0	0	1	1	0	0	0	1	1	0	1	38	2	0
66	8	0	1	1	2	2	1	210	0	0	1	2	6	10	27	2	0
49	4	0	1	0	0	4	0	89	0	0	1	1	25	0	13	2	1
23	11	0	1	0	0	2	1	0	0	0	1	2	9	14	18	2	0
38	22	0	1	1	1	1	0	23	10	0	1	2	0	1	8	2	1
15	17	0	1	0	0	1	1	0	0	0	1	2	0	124	20	2	0
37	20	0	2	0	0	3	0	0	0	0	1	1	12	100	38	2	0
25	7	0	0	0	0	2	0	0	0	0	1	2	16	115	15	2	0
26	11	0	2	0	0	2	1	315	63	0	1	1	10	139	16	2	0
45	17	0	1	0	0	3	1	0	0	0	1	2	8	121	17	2	0
2	6	0	1	0	0	0	0	0	0	0	0	1	0	0	15	2	0
33	16	0	2	0	0	2	1	256	0	0	1	2	8	57	24	2	0
19	21	0	1	0	0	1	1	0	0	0	1	2	0	44	16	2	0
33	13	0	0	0	0	4	0	0	0	0	1	2	7	1	15	2	1
41	12	0	2	0	0	4	1	0	0	0	1	1	7	0	8	2	1
50	10	0	2	0	0	1	0	162	0	0	1	2	11	84	33	2	0
14	18	0	1	0	0	0	0	0	0	0	0	2	0	286	20	2	0
56	16	0	2	0	0	3	1	114	0	1	1	1	7	55	7	2	0
10	12	0	1	0	0	1	1	0	0	0	1	2	0	33	15	2	0
94	13	0	3	1	1	8	0	0	0	0	1	1	13	0	15	2	1
56	24	0	1	0	0	5	0	237	0	0	1	2	8	431	23	2	0
35	10	0	0	0	0	3	0	0	0	0	1	2	7	221	8	2	0
29	12	0	4	0	0	1	2	0	0	0	1	2	8	107	12	2	1
24	26	0	2	0	0	1	1	0	0	0	1	1	0	87	11	2	0
85	25	0	3	0	0	3	0	147	0	0	1	2	9	0	23	2	0
16	18	0	1	0	0	1	1	0	0	0	1	2	0	244	24	2	0
51	19	0	2	0	0	1	0	159	0	0	1	2	7	84	33	2	0
46	14	0	2	0	0	3	1	135	0	0	1	1	7	281	26	2	0
31	16	0	2	0	0	3	1	0	0	0	1	2	5	160	13	2	0
87	3	0	2	1	2	1	0	313	0	0	1	1	0	0	16	2	1
167	11	0	3	1	10	6	1	312	22	0	1	1	17	23	24	2	1
44	14	0	2	0	0	3	1	0	0	0	1	1	9	372	38	2	0
21	24	0	1	0	0	1	0	0	0	0	1	2	0	85	0	2	0
22	19	0	1	0	0	2	0	230	0	0	1	2	4	349	14	2	0
23	14	0	1	0	0	2	1	0	0	0	1	2	5	382	28	2	0
45	4	0	1	0	0	4	0	0	0	0	1	2	12	123	38	2	0
20	12	0	1	0	0	1	1	0	0	0	1	2	5	101	27	2	0
36	12	0	2	0	0	1	1	0	0	0	1	2	8	61	19	2	0
47	11	0	0	0	0	5	0	0	0	0	1	2	10	59	15	2	1
18	12	0	2	0	0	1	0	50	20	0	1	2	5	1	14	2	1
5	3	0	0	0	0	1	0	0	0	0	1	1	5	1	38	2	1
25	29	0	1	0	0	0	0	0	0	0	0	2	0	7	0	2	1
51	25	0	1	0	0	4	0	0	0	0	1	2	9	52	27	2	0
56	11	0	1	0	0	4	1	329	0	0	1	2	16	6	28	2	0
167	11	0	3	1	10	6	1	312	22	0	1	1	17	23	24	2	1
46	12	0	1	0	0	2	0	0	0	0	1	1	31	382	22	2	0
69	9	0	0	0	0	3	0	151	0	0	1	2	11	166	27	2	0
42	20	0	1	0	0	3	0	62	0	0	1	2	11	102	22	2	0
45	18	0	2	0	0	2	1	0	0	0	1	2	7	22	11	2	0
29	13	0	1	0	0	4	1	238	0	0	1	2	6	34	24	2	0
35	23	0	1	0	0	2	1	0	0	0	1	2	8	2	14	2	0
21	23	0	1	0	0	1	0	0	0	0	1	1	0	1	8	2	1
6	7	0	0	0	0	2	0	0	0	0	1	2	1	130	14	2	1
15	17	0	1	0	0	1	1	0	0	0	1	2	0	185	10	2	0
17	21	0	1	0	0	0	0	56	11	0	0	2	0	7	0	2	1
56	19	0	2	0	0	4	0	10	0	0	1	1	17	1	12	2	1
0	0	0	0	0	0	1	0	270	62	0	1	0	3	12	14	2	1
28	30	0	1	0	0	1	1	0	0	0	1	2	0	157	38	2	0
21	12	0	1	0	0	2	1	0	0	0	1	2	10	0	26	2	0
25	13	0	0	0	0	3	0	0	0	0	1	2	8	116	7	2	1
14	17	0	1	0	0	1	1	0	0	0	1	2	0	3	23	2	0
1	3	0	0	0	0	1	0	0	0	0	1	1	0	14	19	2	0
55	34	0	2	0	0	1	0	0	0	0	1	2	6	132	25	2	0
27	10	0	2	0	0	2	1	0	0	0	1	1	11	413	24	2	0
18	22	0	1	0	0	0	0	0	0	0	0	2	0	76	0	2	0
49	13	0	1	0	0	2	1	0	0	0	1	2	11	29	19	2	0
23	9	0	0	1	1	3	0	0	0	0	1	2	2	0	15	2	1
7	9	0	1	0	0	1	0	0	0	0	1	1	0	0	38	2	0
20	14	0	2	0	0	1	1	0	0	0	1	1	9	151	26	2	0
46	14	0	1	0	0	2	1	0	0	0	1	2	7	91	15	2	0
32	9	0	2	0	0	3	1	314	0	0	1	2	8	6	24	2	0
22	24	0	1	0	0	1	1	0	0	0	1	2	0	263	17	2	0
62	10	0	3	1	1	1	1	133	0	0	1	2	4	3	17	2	0
8	10	0	1	0	0	1	1	0	0	0	1	1	0	99	0	2	0
92	13	0	2	0	0	3	0	0	0	0	1	2	37	0	11	2	0
52	24	0	2	0	0	1	1	0	0	0	1	2	8	87	13	2	0
38	17	0	2	0	0	2	0	0	0	0	1	1	9	300	23	2	0
29	12	0	1	0	0	2	0	0	0	0	1	2	14	6	25	2	1
44	10	0	0	1	2	1	0	215	0	0	1	2	7	17	8	2	0
58	15	0	1	0	0	2	1	44	33	0	1	2	12	143	14	2	0
12	14	0	1	0	0	1	1	0	0	0	1	1	0	236	38	2	0
19	21	0	2	0	0	1	1	0	0	0	1	1	0	162	19	2	0
41	23	0	2	0	0	1	1	20	9	0	1	2	7	242	13	2	0
33	16	0	2	0	0	3	1	0	0	0	1	2	6	69	24	2	0
17	20	0	1	0	0	1	0	0	0	0	1	2	0	318	0	2	0
61	10	0	1	0	0	6	1	224	0	0	1	2	8	112	17	2	0
38	14	0	1	0	0	2	1	0	0	0	1	2	10	140	28	2	0
59	16	0	1	0	0	2	1	0	0	0	1	2	12	197	16	2	0
23	26	0	1	0	0	1	1	0	0	0	1	2	0	1	10	2	0
14	16	0	1	0	0	1	1	0	0	0	1	2	0	12	16	2	0
18	22	0	1	0	0	0	0	50	10	0	0	2	0	3	0	2	1
33	12	0	1	0	0	3	0	0	0	0	1	1	9	194	19	2	0
10	14	0	1	0	0	0	0	0	0	0	0	2	0	0	2	2	1
35	12	0	2	0	0	1	1	353	0	0	1	2	11	171	23	2	0
40	22	0	1	0	0	1	0	0	0	0	1	2	10	41	14	2	0
44	18	0	1	0	0	5	1	0	0	0	1	2	9	287	20	2	0
22	19	0	1	0	0	1	1	0	0	0	1	2	6	16	21	2	0
62	13	0	1	0	0	2	0	73	0	0	1	1	43	75	19	2	0
50	14	0	2	0	0	5	1	0	0	0	1	1	6	58	11	2	1
11	14	0	1	0	0	1	1	0	0	0	1	1	0	46	12	2	0
71	23	0	2	0	0	2	1	376	0	0	1	2	32	0	0	2	1
159	13	0	2	1	4	1	0	374	0	0	1	2	5	2	28	2	1
8	10	0	1	0	0	1	1	0	0	0	1	2	0	51	7	2	0
13	16	0	1	0	0	1	1	0	0	0	1	2	0	79	11	2	0
78	24	0	2	0	0	3	0	351	0	0	1	2	32	23	5	2	1
83	12	0	1	0	0	4	1	235	0	0	1	2	8	133	27	2	0
26	10	0	1	0	0	1	0	0	0	0	1	2	8	80	12	2	0
15	17	0	0	0	0	1	0	0	0	0	1	1	0	33	16	2	0
5	3	0	0	0	0	1	0	0	0	0	1	1	4	3	38	2	1
8	10	0	1	0	0	1	1	82	24	0	1	2	0	66	9	2	0
29	11	0	1	0	0	1	1	0	0	0	1	2	8	338	19	2	0
50	39	0	1	0	0	2	0	162	36	0	1	2	13	1	7	2	1
10	13	0	1	0	0	1	1	170	37	0	1	2	0	92	7	2	0
27	9	0	0	0	0	4	0	352	0	0	1	2	9	46	14	2	0
28	10	0	2	0	0	3	0	276	0	0	1	1	6	57	22	2	0
13	17	0	1	0	0	0	0	64	15	0	0	2	0	381	0	2	0
70	48	0	2	0	0	2	0	362	67	0	1	2	6	23	5	2	1
29	12	0	1	0	0	2	0	0	0	0	1	1	14	314	22	2	0
28	10	0	2	0	0	3	0	276	0	0	1	1	6	239	22	2	0
26	17	0	1	0	0	1	1	0	0	0	1	2	5	49	13	2	0
76	12	0	1	0	0	4	1	136	0	0	1	2	12	133	25	2	0
67	13	0	1	0	0	3	1	182	0	0	1	2	8	309	16	2	0
19	23	0	1	0	0	0	0	0	0	0	0	2	0	252	17	2	0
12	14	0	1	0	0	1	1	0	0	0	1	2	0	38	14	2	0
6	9	0	1	0	0	1	1	0	0	0	1	1	0	40	5	2	0
19	13	0	1	0	0	2	1	0	0	0	1	2	4	106	27	2	0
62	14	0	2	0	0	4	1	104	0	0	1	2	22	0	24	2	0
33	18	0	1	0	0	3	1	128	43	0	1	2	6	179	24	2	0
24	10	0	2	0	0	2	1	0	0	0	1	2	7	0	12	2	1
7	9	0	1	0	0	1	1	0	0	0	1	2	0	0	18	2	0
7	10	0	1	0	0	1	1	0	0	0	1	2	0	192	27	2	0
49	12	0	2	0	0	1	1	0	0	0	1	2	7	62	19	2	0
44	10	0	2	0	0	1	0	140	0	0	1	2	9	82	33	2	0
10	12	0	1	0	0	1	1	0	0	0	1	2	0	71	26	2	0
38	19	0	1	0	0	2	1	0	0	0	1	2	10	136	24	2	0
16	18	0	1	0	0	1	1	0	0	0	1	2	0	101	14	2	0
23	8	0	1	0	0	1	0	0	0	0	1	2	7	44	9	2	0
46	10	0	2	0	0	3	1	135	0	0	1	2	23	1	22	2	0
8	10	0	1	0	0	1	0	0	0	0	1	1	0	134	19	2	0
9	11	0	1	0	0	1	1	0	0	0	1	1	0	19	12	2	0
15	19	0	1	0	0	0	0	211	41	0	0	2	0	7	0	2	1
27	10	0	2	0	0	3	0	248	0	0	1	1	6	279	22	2	0
51	15	0	2	0	0	5	1	196	0	0	1	1	9	1	38	2	0
23	15	0	1	0	0	2	0	0	0	0	1	2	6	401	19	2	0
24	9	0	0	0	0	3	0	0	0	0	1	2	7	96	20	2	0
11	11	0	1	0	0	2	0	71	22	0	1	2	2	0	11	2	1
34	14	0	1	0	0	2	1	0	0	0	1	2	9	103	28	2	0
26	14	0	2	0	0	1	1	0	0	0	1	2	11	104	13	2	0
41	43	0	1	0	0	1	0	403	70	0	1	2	0	0	0	2	1
22	24	0	2	0	0	1	1	0	0	0	1	1	0	61	18	2	0
36	15	0	1	0	0	4	0	25	0	0	1	2	9	56	14	2	1
15	18	0	1	0	0	1	1	0	0	0	1	2	0	6	6	2	0
61	25	0	1	0	0	2	0	0	0	0	1	2	10	138	23	2	0
18	20	0	1	0	0	1	0	124	28	0	1	2	0	331	23	2	0
43	20	0	4	0	0	4	0	18	12	0	1	1	9	0	3	2	1
3	7	0	1	0	0	0	0	0	0	0	0	1	0	5	38	2	1
12	15	0	1	0	0	1	1	0	0	0	1	1	0	153	19	2	0
42	12	0	2	0	0	4	1	0	0	0	1	1	7	0	8	2	1
21	23	0	1	0	0	1	1	0	0	0	1	1	0	373	12	2	0
25	21	0	1	0	0	1	1	0	0	0	1	2	7	317	20	2	0
79	18	0	3	1	1	4	1	0	0	0	1	2	15	0	20	2	1
60	11	0	3	0	0	4	1	42	0	0	1	2	13	0	38	2	0
69	10	0	2	1	2	2	1	35	0	0	1	2	11	3	23	2	0
62	3	0	0	0	0	5	0	245	0	0	1	2	10	332	20	2	0
28	12	0	1	0	0	2	0	0	0	0	1	1	13	435	22	2	0
13	16	0	1	0	0	1	1	0	0	0	1	2	0	0	4	2	0
11	10	0	1	0	0	2	1	0	0	0	1	1	2	129	22	2	0
80	13	0	2	0	0	2	1	0	0	0	1	2	39	4	12	2	0
87	13	0	1	0	0	3	1	121	0	0	1	2	8	315	16	2	0
28	14	0	1	0	0	2	1	0	0	0	1	2	10	108	28	2	0
114	12	0	2	1	1	2	0	70	0	0	1	2	12	0	24	2	1
27	24	0	1	0	0	2	0	0	0	0	1	2	5	2	15	2	1
9	11	0	1	0	0	1	1	0	0	0	1	2	0	321	13	2	0
21	14	0	1	0	0	2	1	0	0	0	1	2	6	126	28	2	0
37	10	0	1	0	0	4	1	0	0	0	1	2	12	21	21	2	0
117	17	0	1	1	3	4	1	335	0	0	1	2	32	82	14	2	1
28	12	0	1	0	0	2	0	0	0	0	1	1	13	382	22	2	0
135	39	0	1	1	2	5	0	223	44	0	1	1	39	3	38	2	1
13	16	0	1	0	0	1	1	0	0	0	1	2	0	69	21	2	0
36	12	0	1	0	0	2	0	0	0	0	1	1	21	406	22	2	0
10	13	0	1	0	0	1	1	0	0	0	1	2	0	35	20	2	0
12	15	0	1	0	0	1	1	0	0	0	1	1	0	54	23	2	0
35	11	0	0	0	0	3	0	0	0	0	1	1	10	1	3	2	1
161	29	0	2	1	5	5	0	369	56	0	1	1	21	3	24	2	1
16	19	0	1	0	0	1	1	0	0	0	1	2	0	3	13	2	0
124	9	0	7	2	2	8	0	76	0	0	1	2	11	3	7	2	1
9	12	0	1	0	0	1	1	0	0	0	1	2	0	28	13	2	0
26	12	0	1	0	0	2	0	0	0	0	1	1	11	445	22	2	0
28	4	0	1	0	0	3	0	34	39	0	1	1	9	62	9	2	1
24	20	0	1	0	0	2	1	0	0	0	1	2	6	0	0	2	1
54	12	0	2	0	0	4	1	186	0	0	1	2	9	179	26	2	0
9	11	0	2	0	0	1	1	0	0	0	1	1	0	44	38	2	0
15	7	0	0	0	0	1	0	0	0	0	1	2	10	6	23	2	0
28	12	0	0	0	0	3	0	0	0	0	1	2	7	0	15	2	1
31	11	0	0	0	0	3	0	0	0	0	1	2	12	133	23	2	0
24	5	0	0	0	0	2	0	0	0	0	1	2	9	101	23	2	0
24	12	0	1	0	0	2	0	0	0	0	1	1	9	270	19	2	0
10	13	0	1	0	0	1	1	0	0	0	1	2	0	25	8	2	0
94	31	0	1	0	0	2	1	0	0	0	1	2	14	74	11	2	0
19	21	0	2	0	0	1	1	0	0	0	1	1	0	82	0	2	0
8	11	0	0	0	0	1	0	0	0	0	1	2	0	13	7	2	0
31	10	0	1	0	0	2	1	82	0	0	1	2	13	81	16	2	0
24	21	0	1	0	0	1	0	0	0	0	1	2	6	107	24	2	0
26	14	0	2	0	0	2	1	0	0	0	1	2	7	3	27	2	0
56	18	0	2	0	0	4	0	114	0	0	1	2	18	1	38	2	0
12	14	0	1	0	0	1	1	0	0	0	1	2	0	48	5	2	0
56	31	0	1	0	0	2	0	278	0	0	1	1	12	0	4	2	1
41	26	0	3	1	1	2	1	0	0	0	1	2	6	0	18	2	1
60	9	0	1	0	0	1	1	0	0	0	1	2	11	0	23	2	0
61	14	0	2	0	0	5	1	0	0	0	1	2	18	52	12	2	1
27	14	0	3	0	0	1	1	0	0	0	1	1	10	31	38	2	0
8	10	0	1	0	0	1	1	0	0	0	1	2	0	0	27	2	0
14	16	0	1	0	0	1	1	0	0	0	1	2	0	385	7	2	0
73	24	0	2	0	0	5	1	0	0	0	1	2	10	254	7	2	1
42	17	0	1	0	0	2	0	0	0	0	1	2	13	198	20	2	0
18	21	0	1	0	0	1	0	0	0	0	1	2	0	1	12	2	1
58	20	0	2	0	0	3	0	0	0	0	1	2	22	0	23	2	0
13	17	0	1	0	0	0	0	151	31	0	0	0	0	65	20	2	0
24	11	0	1	0	0	2	0	101	0	0	1	2	5	6	9	2	1
11	13	0	1	0	0	1	1	0	0	0	1	2	0	169	6	2	0
29	13	0	3	0	0	2	1	0	0	0	1	1	7	128	28	2	0
84	7	0	0	0	0	3	0	251	0	0	1	2	51	0	0	2	1
35	15	0	2	0	0	1	1	0	0	0	1	2	18	80	17	2	0
24	28	0	1	0	0	0	0	40	5	0	0	2	0	7	0	2	1
15	18	0	1	0	0	1	1	0	0	0	1	2	0	75	16	2	0
66	16	0	1	0	0	5	1	210	0	0	1	2	9	0	16	2	0
9	11	0	1	0	0	1	1	0	0	0	1	1	0	136	15	2	0
69	19	0	5	0	0	5	1	248	0	0	1	2	13	81	27	2	0
67	19	0	2	0	0	1	0	125	0	0	1	2	8	79	33	2	0
20	16	0	1	0	0	2	1	0	0	0	1	2	4	430	17	2	0
7	10	0	0	0	0	0	0	0	0	0	0	1	0	0	10	2	0
12	16	0	1	0	0	0	0	0	0	0	0	2	0	212	17	2	0
12	14	0	1	0	0	1	1	0	0	0	1	2	0	11	7	2	0
52	23	0	1	0	0	1	0	123	0	0	1	2	7	89	13	2	0
10	14	0	1	0	0	0	0	0	0	0	0	1	0	110	38	2	0
7	10	0	1	0	0	1	1	0	0	0	1	1	0	35	38	2	0
34	12	0	1	0	0	1	1	0	0	0	1	2	8	264	21	2	0
49	24	0	5	0	0	1	0	164	0	0	1	1	11	0	13	2	0
15	18	0	1	0	0	1	0	0	0	0	1	2	0	362	0	2	0
28	12	0	2	0	0	1	1	0	0	0	1	2	5	37	7	2	1
22	24	0	1	0	0	1	0	230	45	0	1	2	0	0	0	2	1
6	8	0	1	0	0	1	1	0	0	0	1	1	0	352	38	2	0
53	15	0	1	0	0	2	1	0	0	0	1	1	7	228	9	2	0
9	11	0	1	0	0	1	1	79	22	0	1	2	0	24	0	2	0
9	11	0	1	0	0	1	1	0	0	0	1	1	0	179	38	2	0
28	18	0	1	0	0	3	0	0	0	0	1	1	7	0	16	2	1
77	21	0	4	0	0	5	0	360	0	0	1	1	32	0	7	2	1
33	14	0	1	2	2	2	1	176	0	0	1	2	8	212	7	2	1
13	15	0	0	0	0	1	0	227	48	0	1	2	0	0	38	2	0
28	10	0	2	0	0	2	1	0	0	0	1	1	7	206	23	2	0
113	11	0	0	0	1	5	0	325	0	0	1	1	51	34	2	2	1
33	10	0	1	1	0	1	0	128	24	0	1	2	10	2	8	2	1
36	20	0	1	0	0	2	0	0	0	0	1	2	13	53	22	2	0
52	3	0	0	0	0	5	0	249	0	0	1	2	8	129	20	2	0
15	18	0	1	0	0	1	1	0	0	0	1	2	0	111	18	2	0
58	13	0	1	0	0	2	1	0	0	0	1	2	12	133	27	2	0
48	17	0	1	0	0	5	0	0	0	0	1	2	14	142	25	2	0
38	19	0	2	0	0	2	1	0	0	0	1	2	10	87	20	2	0
76	20	0	2	0	0	3	1	232	0	0	1	2	11	0	18	2	0
25	19	0	1	0	0	1	1	0	0	0	1	2	8	103	20	2	0
28	12	0	1	0	0	2	0	0	0	0	1	1	13	412	22	2	0
4	8	0	0	0	0	0	0	0	0	0	0	2	0	156	10	2	0
46	14	0	2	0	0	2	1	0	0	0	1	2	8	8	23	2	0
140	14	0	1	0	0	2	0	249	0	0	1	1	58	9	10	2	1
8	11	0	1	0	0	1	1	0	0	0	1	2	0	70	13	2	0
20	7	0	0	0	0	1	0	0	0	0	1	2	9	25	13	2	0
24	15	0	2	0	0	1	0	0	0	0	1	1	7	0	22	2	1
15	17	0	1	0	0	1	1	0	0	0	1	2	0	147	16	2	0
54	14	0	1	0	0	2	1	0	0	0	1	2	17	129	17	2	0
11	10	0	1	0	0	2	1	0	0	0	1	2	3	24	15	2	0
34	18	0	1	0	0	2	1	0	0	0	1	2	11	59	20	2	0
34	16	0	2	0	0	3	0	253	0	0	1	2	7	64	0	2	1
11	13	0	1	0	0	1	1	0	0	0	1	1	0	240	38	2	0
137	16	0	1	1	5	3	1	387	0	0	1	2	32	45	12	2	1
113	47	0	6	1	3	1	0	274	1	1	1	1	5	17	15	2	1
87	9	0	1	0	0	8	0	96	0	0	1	1	15	0	12	2	1
45	9	0	1	0	0	4	1	176	0	0	1	2	12	187	28	2	0
26	12	0	1	0	0	2	0	0	0	0	1	1	11	314	19	2	0
14	16	0	1	0	0	1	1	0	0	0	1	2	0	449	15	2	0
20	11	0	1	0	0	2	1	0	0	0	1	2	11	110	21	2	0
17	19	0	2	0	0	1	1	0	0	0	1	1	0	115	23	2	0
22	14	0	1	0	0	1	1	0	0	0	1	2	7	107	20	2	0
51	12	0	1	0	0	2	1	0	0	0	1	2	10	37	23	2	0
5	8	0	1	0	0	1	0	0	0	0	1	1	0	21	22	2	1
19	21	0	1	0	0	1	0	0	0	0	1	2	0	357	23	2	0
23	21	0	1	0	0	1	1	0	0	0	1	2	5	333	20	2	0
19	22	0	1	0	0	1	1	0	0	0	1	2	0	106	25	2	0
43	13	0	1	0	0	3	1	0	0	0	1	2	8	172	13	2	0
12	15	0	1	0	0	1	1	0	0	0	1	2	0	218	18	2	0
19	21	0	1	0	0	1	0	289	54	0	1	2	0	7	0	2	1
12	14	0	1	0	0	1	1	0	0	0	1	2	0	0	11	2	0
45	40	0	4	0	0	2	1	0	0	0	1	2	7	1	14	2	1
28	14	0	1	0	0	2	1	0	0	0	1	2	6	148	26	2	0
52	10	0	2	0	0	2	0	123	0	0	1	2	33	1	10	2	1
74	19	0	2	0	0	6	1	4	0	0	1	2	13	172	25	2	0
34	16	0	2	0	0	2	1	76	0	0	1	2	7	0	16	2	0
31	12	0	1	0	0	3	0	30	0	0	1	2	15	6	25	2	1
26	12	0	1	0	0	2	0	0	0	0	1	1	11	419	22	2	0
42	19	0	1	0	0	4	1	0	0	0	1	2	7	144	21	2	0
16	15	0	1	0	0	1	1	0	0	0	1	2	4	80	27	2	0
38	41	0	1	0	0	1	1	0	0	0	1	2	0	90	15	2	0
19	21	0	2	0	0	1	1	0	0	0	1	1	0	191	18	2	0
18	20	0	1	0	0	1	1	0	0	0	1	2	0	64	12	2	0
7	2	0	0	0	0	1	0	86	0	0	1	1	7	2	15	2	1
25	14	0	0	0	0	3	0	0	0	0	1	2	7	266	14	2	0
6	9	0	1	0	0	1	1	0	0	0	1	1	0	400	38	2	0
39	14	0	1	0	0	4	1	0	0	0	1	2	10	131	22	2	0
16	18	0	1	0	0	1	1	0	0	0	1	1	0	257	38	2	0
40	16	0	1	0	0	4	1	0	0	0	1	2	7	23	19	2	1
69	19	0	1	0	0	3	0	176	0	0	1	2	43	3	24	2	1
16	18	0	1	0	0	1	1	0	0	0	1	1	0	374	38	2	0
11	15	0	1	0	0	0	0	0	0	0	0	2	0	141	17	2	0
29	33	0	1	0	0	0	0	0	0	0	0	2	0	116	0	2	0
27	13	0	2	0	0	3	1	203	0	0	1	1	6	25	21	2	0
40	20	0	2	0	0	3	0	0	0	0	1	1	15	53	38	2	0
25	12	0	1	0	0	3	0	0	0	0	1	2	9	6	25	2	1
23	25	0	1	0	0	1	0	0	0	0	1	2	0	1	9	2	1
28	11	0	1	1	1	1	1	88	0	0	1	2	5	14	18	2	0
24	27	0	1	0	0	1	0	0	0	0	1	1	0	1	8	2	1
57	8	0	1	0	0	4	0	234	0	0	1	2	10	0	1	2	0
14	18	0	1	0	0	0	0	144	30	0	0	2	0	7	0	2	1
19	21	0	1	0	0	1	1	0	0	0	1	2	0	168	22	2	0
157	12	0	2	1	2	3	0	348	0	0	1	2	12	0	24	2	1
7	11	0	1	0	0	0	0	323	63	0	0	1	0	2	0	2	0
11	13	0	1	0	0	1	1	0	0	0	1	2	0	67	15	2	0
79	24	0	2	0	0	4	0	356	0	0	1	2	32	23	5	2	1
6	8	0	1	0	0	1	1	0	0	0	1	2	0	27	20	2	0
151	13	0	3	1	4	1	0	397	0	0	1	2	5	2	28	2	1
13	15	0	2	0	0	1	1	0	0	0	1	1	0	74	38	2	0
14	16	0	1	0	0	1	1	0	0	0	1	2	0	62	16	2	0
18	21	0	1	0	0	1	0	0	0	0	1	2	0	231	24	2	0
18	20	0	1	0	0	1	0	0	0	0	1	2	0	36	23	2	0
18	12	0	1	0	0	1	1	0	0	0	1	2	8	0	26	2	0
14	17	0	1	0	0	1	1	0	0	0	1	2	0	109	23	2	0
17	20	0	1	0	0	1	1	0	0	0	1	1	0	14	6	2	0
6	6	0	0	0	0	2	0	0	0	0	1	1	2	0	17	2	1
85	15	0	1	0	0	6	0	0	0	0	1	2	11	0	18	2	1
30	33	0	1	0	0	1	0	0	0	0	1	2	0	51	0	2	0
33	15	0	2	0	0	2	1	0	0	0	1	2	8	268	23	2	0
51	11	0	2	0	0	5	0	294	0	0	1	2	10	207	34	2	0
32	15	0	1	0	0	2	1	81	0	0	1	2	9	130	24	2	0
141	14	0	1	0	0	2	0	247	0	0	1	1	58	9	10	2	1
20	11	0	1	0	0	1	1	0	0	0	1	2	7	317	25	2	0
34	5	0	2	0	0	4	1	0	0	0	1	2	12	0	23	2	1
19	20	0	1	0	0	2	1	0	0	0	1	2	0	120	27	2	0
87	20	0	1	0	0	2	1	121	0	0	1	2	10	193	12	2	0
18	10	0	1	0	0	1	0	124	0	0	1	2	10	2	8	2	1
15	18	0	1	0	0	1	1	0	0	0	1	1	0	105	4	2	0
20	12	0	1	0	0	1	0	0	0	0	1	1	6	0	13	2	1
103	23	0	2	0	1	6	1	80	0	0	1	1	18	0	6	2	1
24	26	0	1	0	0	1	0	0	0	0	1	2	0	4	0	2	1
14	17	0	1	0	0	1	0	275	53	0	1	2	0	152	0	2	0
33	11	0	1	0	0	1	0	0	0	0	1	2	9	65	27	2	0
5	8	0	1	0	0	1	1	0	0	0	1	2	0	137	24	2	0
47	18	0	2	0	0	1	1	0	0	0	1	2	10	69	16	2	0
13	17	0	1	0	0	0	0	0	0	0	0	2	0	160	0	2	0
84	11	0	1	0	0	6	1	172	22	0	1	2	11	286	24	2	0
18	7	0	0	0	0	1	0	0	0	0	1	2	13	6	23	2	0
21	24	0	1	0	0	1	1	0	0	0	1	2	0	36	2	2	0
91	25	0	1	0	0	2	1	219	0	0	1	2	8	96	12	2	0
35	11	0	1	1	1	3	1	0	0	0	1	2	9	2	22	2	1
49	14	0	1	0	0	2	1	128	0	0	1	2	12	94	15	2	0
17	21	0	1	0	0	0	0	201	38	0	0	2	0	7	0	2	1
41	13	0	2	0	0	2	1	227	0	0	1	1	12	2	16	2	0
30	9	0	1	0	0	5	0	0	0	1	1	1	7	95	38	2	1
30	18	0	0	0	0	2	0	0	0	0	1	2	10	16	16	2	0
6	8	0	1	0	0	1	1	0	0	0	1	1	0	1	20	2	0
5	9	0	1	0	0	0	0	0	0	0	0	1	0	124	8	2	0
41	12	0	1	0	0	2	0	0	0	0	1	1	16	326	22	2	0
49	19	0	1	0	0	4	0	0	0	0	1	2	7	54	24	2	0
96	18	0	2	0	0	4	0	107	0	0	1	2	16	0	38	2	0
45	24	0	1	0	0	2	1	0	0	0	1	2	18	243	16	2	0
42	12	0	1	0	0	2	0	0	0	0	1	1	27	125	22	2	0
32	11	0	0	0	0	2	0	0	0	0	1	2	8	92	19	2	0
16	1	0	0	0	0	1	0	132	0	0	1	1	9	8	38	2	1
69	20	0	2	1	1	1	1	0	0	0	1	2	8	45	20	2	0
9	11	0	1	0	0	1	1	0	0	0	1	2	0	198	17	2	0
80	20	0	1	0	0	3	1	0	0	0	1	2	8	290	16	2	0
107	12	0	1	1	3	2	0	134	0	0	1	2	6	84	28	2	0
55	12	0	1	0	0	4	0	183	0	0	1	2	26	6	25	2	1
143	13	0	5	1	9	1	2	129	0	0	1	1	3	2	20	2	1
8	10	0	1	0	0	1	1	0	0	0	1	1	0	108	17	2	0
48	15	0	2	1	2	2	1	258	0	0	1	2	9	147	23	2	0
57	16	0	1	0	0	2	0	0	0	0	1	2	9	185	19	2	0
28	11	0	1	0	0	3	1	0	0	0	1	2	7	147	25	2	0
22	12	0	0	0	0	3	0	0	0	0	1	2	7	0	17	2	1
38	19	0	1	0	0	2	1	0	0	0	1	2	10	146	24	2	0
11	14	0	1	0	0	1	0	0	0	0	1	2	0	0	23	2	1
57	15	0	1	0	0	3	1	0	0	0	1	2	10	215	26	2	0
6	9	0	1	0	0	1	1	0	0	0	1	2	0	106	22	2	0
26	16	0	2	0	0	2	1	0	0	0	1	1	4	251	38	2	0
27	10	0	1	0	0	6	0	0	0	0	1	1	5	0	25	2	1
4	7	0	1	0	0	1	1	105	30	0	1	2	0	115	28	2	0
31	16	0	1	0	0	2	0	0	0	0	1	2	12	239	22	2	0
1	3	0	0	0	0	1	0	0	0	0	1	1	0	12	7	2	0
31	17	0	2	0	0	1	1	0	0	0	1	2	6	16	5	2	1
48	12	0	2	0	0	4	1	57	0	0	1	2	13	0	27	2	0
28	12	0	1	0	0	3	0	0	0	0	1	2	6	27	25	2	1
12	15	0	1	0	0	1	0	0	0	0	1	2	0	263	0	2	0
6	10	0	1	0	0	0	0	0	0	0	0	1	0	0	38	2	0
72	20	0	1	0	0	2	0	144	0	1	1	2	10	125	25	2	0
23	17	0	1	0	0	2	0	0	0	0	1	1	4	1	9	2	1
14	16	0	1	0	0	1	1	0	0	0	1	1	0	219	38	2	0
35	19	0	2	0	0	1	1	0	0	0	1	2	11	55	19	2	0
31	15	0	2	0	0	1	1	0	0	0	1	2	14	25	17	2	0
43	9	0	0	0	0	3	0	218	0	0	1	2	9	225	11	2	0
16	15	0	1	0	0	2	1	0	0	0	1	1	2	202	7	2	0
17	19	0	2	0	0	1	1	0	0	0	1	1	0	359	38	2	0
61	13	0	2	1	3	2	1	0	0	0	1	2	8	3	23	2	1
30	25	0	1	0	0	2	1	31	7	0	1	2	7	38	13	2	0
14	14	0	0	0	0	2	0	0	0	0	1	1	2	0	12	2	1
4	7	0	1	0	0	0	0	0	0	0	0	1	0	33	38	2	0
20	22	0	1	0	0	1	0	0	0	0	1	2	0	4	23	2	0
24	17	0	1	0	0	2	1	0	0	0	1	2	5	329	25	2	0
85	16	0	3	1	1	6	1	0	0	0	1	2	7	0	18	2	1
6	10	0	1	0	0	0	0	0	0	1	0	1	0	132	22	2	0
28	21	0	1	0	0	1	1	0	0	0	1	2	10	251	20	2	0
42	13	0	1	0	0	2	1	0	0	0	1	2	26	33	13	2	0
105	16	0	1	0	0	3	0	78	0	0	1	1	9	193	14	2	0
8	11	0	1	0	0	1	1	0	0	0	1	2	0	2	7	2	0
30	6	0	1	0	0	4	1	0	0	0	1	1	10	143	38	2	0
31	20	0	1	0	0	2	1	0	0	0	1	2	7	0	11	2	0
32	35	0	1	0	0	1	1	0	0	0	1	1	0	148	14	2	0
10	7	0	0	0	0	1	0	0	0	0	1	1	6	0	8	2	1
4	6	0	1	0	0	1	1	0	0	0	1	1	0	390	38	2	0
50	10	0	2	0	0	2	1	0	0	0	1	2	9	178	20	2	0
8	10	0	1	0	0	1	1	0	0	0	1	1	0	176	38	2	0
23	10	0	1	0	0	1	1	0	0	0	1	2	8	129	24	2	0
5	9	0	0	0	0	0	0	0	0	0	0	1	0	185	38	2	0
42	14	0	0	1	1	2	0	224	0	0	1	2	4	0	11	2	1
20	23	0	1	0	0	1	1	0	0	0	1	2	0	13	19	2	0
10	13	0	1	0	0	1	1	0	0	0	1	2	0	145	27	2	0
24	14	0	0	0	0	3	0	0	0	0	1	2	6	11	13	2	0
32	9	0	1	0	0	3	1	0	0	0	1	1	8	2	38	2	0
12	11	0	0	0	0	3	0	0	0	0	1	2	2	0	15	2	1
1	3	0	0	0	0	1	0	0	0	0	1	1	0	124	38	2	0
114	12	0	2	1	1	2	0	50	0	0	1	2	12	0	24	2	1
49	13	0	1	0	0	4	1	201	0	0	1	2	8	80	14	2	0
19	22	0	1	0	0	1	1	0	0	0	1	2	0	165	14	2	0
10	13	0	1	0	0	1	1	0	0	0	1	2	0	55	13	2	0
13	16	0	1	0	0	1	1	0	0	0	1	2	0	375	8	2	0
4	8	0	1	0	0	0	0	0	0	0	0	1	0	71	10	2	0
20	23	0	1	0	0	1	1	0	0	0	1	2	0	74	11	2	0
8	10	0	1	0	0	1	1	0	0	0	1	2	0	94	19	2	0
14	7	0	0	0	0	1	0	0	0	0	1	2	9	6	23	2	0
40	16	0	1	0	0	4	1	0	0	0	1	2	9	8	7	2	1
11	13	0	1	0	0	1	0	0	0	0	1	2	0	0	38	2	1
15	17	0	1	0	0	1	0	0	0	0	1	2	0	7	0	2	1
32	14	0	1	0	0	2	1	0	0	0	1	2	8	79	28	2	0
24	11	0	1	0	0	2	1	0	0	0	1	2	10	14	18	2	0
13	16	0	0	0	0	1	0	0	0	0	1	2	0	17	8	2	0
55	7	0	2	0	0	3	0	0	0	0	1	1	29	0	18	2	0
29	10	0	2	0	0	3	0	302	0	0	1	1	7	78	22	2	0
82	13	0	2	0	0	4	1	102	0	0	1	2	7	102	27	2	0
52	20	0	1	0	0	3	1	0	0	0	1	2	8	291	16	2	0
10	12	0	0	0	0	1	0	0	0	0	1	1	0	11	38	2	0
3	6	0	1	0	0	1	0	234	54	0	1	0	0	0	1	2	1
44	12	0	1	0	0	2	0	0	0	0	1	1	29	443	22	2	0
40	18	0	2	0	0	3	0	0	0	0	1	1	7	0	12	2	1
18	14	0	1	0	0	2	1	0	0	0	1	1	4	54	38	2	0
64	26	0	1	0	0	5	1	0	0	0	1	2	9	99	18	2	0
4	8	0	1	0	0	0	0	0	0	1	0	1	0	125	23	2	0
113	15	0	1	0	1	2	1	240	0	0	1	2	32	0	23	2	1
106	7	0	1	0	0	5	0	298	0	0	1	1	10	159	26	2	0
46	10	0	2	0	0	3	1	97	0	0	1	2	17	0	23	2	0
2	5	0	0	0	0	1	0	0	0	0	1	2	0	136	26	2	0
111	29	0	1	1	1	5	0	72	0	1	1	1	43	3	24	2	1
20	9	0	1	0	0	2	0	0	0	0	1	2	7	5	13	2	1
54	9	0	1	0	0	1	1	47	0	0	1	2	10	0	23	2	0
13	7	0	0	0	0	1	0	64	0	0	1	2	8	1	21	2	1
21	16	0	1	0	0	2	1	0	0	0	1	2	4	60	18	2	0
20	23	0	1	0	0	1	1	0	0	0	1	2	0	9	9	2	0
14	13	0	1	0	0	2	1	0	0	0	1	2	3	1	24	2	1
19	23	0	1	0	0	0	0	0	0	0	0	2	0	7	0	2	1
25	22	0	2	0	0	2	0	0	0	0	1	1	5	53	38	2	0
52	14	0	1	1	2	1	1	157	0	0	1	2	10	40	13	2	0
14	17	0	1	0	0	1	1	0	0	0	1	2	0	0	27	2	0
42	8	0	2	0	0	4	1	0	0	0	1	2	11	29	24	2	0
15	17	0	1	0	0	1	1	0	0	0	1	2	0	148	7	2	0
6	8	0	1	0	0	1	1	0	0	0	1	2	0	148	13	2	0
27	13	0	2	0	0	3	1	203	0	0	1	1	6	25	21	2	0
62	19	0	2	0	0	2	1	163	0	0	1	2	12	93	23	2	0
59	10	0	3	1	1	1	1	109	0	0	1	2	4	3	17	2	0
28	18	0	1	1	2	1	0	146	0	0	1	2	0	103	18	2	0
18	16	0	1	0	1	1	0	0	0	0	1	2	0	93	17	2	0
7	9	0	1	0	0	1	1	0	0	0	1	2	0	38	26	2	0
26	12	0	1	0	0	2	0	0	0	0	1	1	11	456	22	2	0
31	12	0	1	0	0	2	0	0	0	0	1	1	16	145	22	2	0
61	17	0	4	0	0	1	1	105	0	0	1	2	10	454	17	2	0
59	14	0	2	0	0	4	1	7	0	0	1	2	14	139	15	2	0
74	12	0	1	0	0	1	0	85	62	0	1	2	12	311	11	2	0
50	11	0	3	0	0	5	0	347	0	0	1	2	9	116	34	2	0
14	13	0	1	0	0	2	1	0	0	0	1	2	2	28	13	2	0
21	23	0	1	0	0	1	0	0	0	0	1	2	0	89	0	2	0
82	17	0	1	0	0	5	0	152	0	1	1	2	8	216	27	2	0
42	12	0	1	0	0	2	0	188	0	0	1	1	14	330	22	2	0
56	14	0	1	0	0	2	1	0	0	0	1	2	11	144	17	2	0
16	7	0	1	0	0	2	1	0	0	0	1	2	11	103	27	2	0
10	14	0	1	0	0	0	0	0	0	0	0	1	0	5	23	2	1
11	13	0	1	0	0	1	1	0	0	0	1	2	0	9	19	2	1
10	13	0	1	0	0	1	1	75	19	0	1	2	0	217	6	2	0
11	14	0	1	0	0	1	1	0	0	0	1	2	0	172	13	2	0
6	9	0	1	0	0	1	1	0	0	0	1	2	0	37	18	2	0
129	18	0	2	0	0	7	1	0	0	0	1	1	28	54	18	2	0
11	13	0	1	0	0	1	1	0	0	0	1	2	0	269	27	2	0
49	7	0	1	0	0	7	0	0	0	0	1	2	10	0	15	2	1
128	36	0	1	1	1	5	0	104	0	0	1	1	41	3	24	2	1
14	17	0	1	0	0	1	1	0	0	0	1	2	0	18	11	2	0
30	8	0	2	0	0	3	1	0	0	0	1	2	7	2	38	2	0
18	18	0	1	0	0	2	0	0	0	0	1	1	2	0	16	2	1
19	21	0	2	0	0	1	1	0	0	0	1	1	0	129	23	2	0
71	25	0	2	0	0	3	1	316	0	0	1	2	32	1	7	2	1
20	24	0	1	0	0	0	0	0	0	0	0	2	0	323	0	2	0
8	12	0	1	0	0	0	1	0	0	0	0	2	0	74	23	2	0
47	12	0	1	1	1	3	0	0	0	0	1	2	9	6	25	2	1
9	12	0	1	0	0	1	1	0	0	0	1	1	0	121	14	2	0
13	17	0	1	0	0	0	0	64	15	0	0	2	0	7	0	2	1
14	16	0	1	0	0	1	0	0	0	0	1	1	0	122	13	2	0
113	10	0	2	1	1	5	0	126	0	0	1	2	11	3	7	2	1
21	13	0	1	0	0	1	1	0	0	0	1	2	6	10	4	2	1
69	16	0	1	0	0	4	1	151	0	0	1	2	8	149	15	2	0
8	10	0	1	0	0	1	1	0	0	0	1	1	0	90	14	2	0
33	16	0	2	0	0	3	0	313	0	0	1	2	6	64	0	2	1
37	20	0	2	0	0	2	1	0	0	0	1	2	12	0	17	2	0
34	8	0	2	0	0	4	1	0	0	0	1	2	11	35	21	2	0
29	12	0	2	0	0	1	1	0	0	0	1	2	7	90	38	2	0
5	7	0	0	0	0	1	0	0	0	0	1	3	0	289	38	2	0
49	8	0	1	0	0	4	0	0	0	0	1	2	21	426	18	2	0
33	16	0	2	0	0	2	0	0	0	0	1	2	7	0	11	2	1
29	14	0	2	0	0	2	1	0	0	0	1	1	9	0	38	2	1
10	12	0	2	0	0	1	0	0	0	0	1	2	0	34	24	2	1
35	12	0	1	0	0	2	0	0	0	0	1	1	10	145	22	2	0
41	16	0	1	0	0	2	0	320	0	0	1	1	12	0	6	2	1
33	23	0	1	0	0	1	1	0	0	0	1	2	7	99	12	2	0
25	23	0	1	0	0	1	0	0	0	0	1	2	5	354	26	2	0
31	11	0	1	0	0	1	1	0	0	0	1	2	8	0	16	2	0
14	16	0	2	0	0	1	1	0	0	0	1	1	0	62	26	2	0
11	14	0	1	0	0	1	1	0	0	0	1	2	0	229	9	2	0
30	14	0	1	0	0	3	0	0	0	0	1	2	11	15	38	2	0
42	14	0	2	0	0	3	1	224	0	0	1	2	10	46	22	2	0
122	28	0	2	0	0	1	0	128	5	0	1	2	55	1	22	2	1
21	13	0	1	0	0	2	1	0	0	0	1	2	5	43	16	2	0
6	2	0	0	0	0	1	0	0	0	0	1	1	7	222	38	2	0
8	10	0	1	0	0	1	1	0	0	0	1	2	0	78	17	2	0
16	13	0	0	0	0	2	0	0	0	0	1	2	5	33	0	2	0
156	17	0	2	1	7	5	0	340	0	0	1	1	20	0	24	2	1
30	11	0	1	0	0	1	1	0	0	0	1	2	8	155	28	2	0
58	4	0	0	0	0	9	0	0	0	0	1	1	10	106	22	2	1
48	23	0	1	0	0	3	1	0	0	0	1	2	8	35	10	2	0
142	23	0	1	1	2	3	0	273	0	0	1	2	8	0	24	2	1
39	10	0	1	0	0	1	0	406	0	0	1	1	32	0	22	2	1
48	14	0	1	0	0	3	1	0	0	0	1	2	10	437	27	2	0
4	7	0	1	0	0	1	1	0	0	0	1	1	0	73	8	2	0
68	10	0	3	1	1	1	1	92	0	0	1	2	4	3	17	2	0
121	18	0	2	1	1	1	1	130	0	0	1	2	10	57	4	2	1
44	5	0	1	0	0	2	0	0	0	0	1	2	10	62	12	2	0
17	21	0	1	0	0	0	0	201	38	0	0	2	0	117	0	2	0
18	18	0	1	0	0	2	1	0	0	0	1	1	2	205	38	2	0
1	3	0	0	0	0	1	0	0	0	0	1	1	0	0	38	2	0
22	26	0	1	0	0	0	0	43	6	0	0	2	0	164	0	2	0
25	10	0	0	0	0	2	0	0	0	0	1	2	10	28	9	2	0
11	13	0	1	0	0	1	1	0	0	0	1	1	0	216	38	2	0
7	11	0	0	0	0	0	0	0	0	0	0	1	0	237	38	2	0
17	13	0	1	0	0	2	1	56	0	0	1	2	5	0	19	2	0
31	21	0	1	0	0	1	1	0	0	0	1	2	8	214	20	2	0
34	10	0	0	0	0	2	0	0	0	0	1	2	9	90	25	2	0
29	17	0	2	0	0	2	1	238	0	0	1	2	5	3	19	2	0
103	50	0	9	0	0	2	0	368	62	0	1	1	6	1	7	2	1
15	19	0	1	0	0	0	0	0	0	0	0	2	0	3	0	2	1
21	13	0	1	0	0	2	0	0	0	0	1	1	5	438	20	2	0
12	10	0	1	0	0	2	1	0	0	0	1	2	4	116	5	2	1
11	13	0	1	0	0	1	1	0	0	0	1	2	0	223	13	2	0
25	13	0	0	0	0	2	0	0	0	0	1	2	8	81	11	2	0
43	45	0	1	0	0	1	0	0	0	0	1	2	0	4	0	2	1
41	16	0	1	0	0	5	1	0	0	0	1	2	9	8	7	2	1
25	8	0	0	1	1	3	0	0	0	0	1	2	2	0	8	2	1
24	15	0	1	0	0	2	1	0	0	0	1	2	6	289	27	2	0
34	10	0	1	0	0	2	1	0	0	0	1	2	16	83	16	2	0
58	47	0	3	0	0	1	0	111	23	0	1	2	7	1	7	2	1
29	33	0	1	0	0	0	0	0	0	0	0	2	0	6	0	2	1
12	14	0	1	0	0	1	1	0	0	0	1	2	0	75	15	2	0
39	8	0	1	0	0	6	1	156	0	0	1	2	7	76	28	2	0
24	12	0	1	1	1	1	0	0	0	0	1	1	4	446	22	2	0
54	6	0	1	0	0	6	0	0	0	0	1	1	9	4	5	2	1
42	14	0	2	1	1	2	1	0	0	0	1	2	6	1	23	2	0
20	17	0	2	0	0	1	1	0	0	0	1	1	2	122	38	2	0
14	14	0	1	0	0	1	1	218	50	0	1	1	2	328	38	2	0
83	7	0	3	0	0	4	1	216	0	0	1	2	17	0	38	2	0
18	22	0	1	0	0	0	0	0	0	0	0	2	0	0	0	2	0
120	34	0	1	1	1	5	0	150	0	0	1	1	43	3	24	2	1
104	17	0	1	0	0	4	1	0	0	0	1	2	12	188	18	2	0
19	8	0	2	0	0	2	1	121	0	0	1	2	4	196	16	2	0
29	12	0	1	0	0	1	0	370	0	0	1	2	5	313	26	2	0
3	6	0	1	0	0	1	1	0	0	0	1	1	0	66	18	2	0
11	15	0	1	0	0	0	0	0	0	0	0	2	0	0	17	2	0
18	21	0	1	0	0	1	1	0	0	0	1	2	0	9	18	2	0
104	9	0	2	0	0	8	1	0	0	0	1	2	9	49	36	2	0
26	11	0	1	0	0	2	1	0	0	0	1	2	6	253	27	2	0
66	12	0	0	0	0	5	0	210	0	0	1	2	10	270	12	2	0
31	15	0	2	0	0	3	0	0	0	0	1	2	5	23	5	2	1
35	18	0	1	0	0	1	1	0	0	0	1	2	11	100	23	2	0
28	13	0	1	0	0	2	0	0	0	0	1	1	17	6	38	2	1
78	27	0	3	0	0	3	0	132	0	0	1	2	10	0	23	2	0
37	22	0	1	0	0	2	0	0	0	0	1	4	17	110	9	2	0
10	12	0	1	0	0	1	1	0	0	0	1	2	0	61	17	2	0
25	13	0	1	0	0	2	1	0	0	0	1	2	8	138	28	2	0
30	8	0	1	0	0	4	1	0	0	0	1	2	8	119	29	2	0
32	12	0	2	0	0	1	1	0	0	0	1	2	9	63	18	2	0
6	9	0	1	0	0	1	1	0	0	0	1	2	0	259	27	2	0
78	18	0	0	0	0	6	0	342	0	0	1	1	32	40	9	2	1
14	18	0	1	0	0	0	0	0	0	0	0	1	0	74	9	2	0
37	19	0	2	0	0	1	0	0	0	0	1	2	17	0	9	2	1
19	9	0	1	0	0	1	1	121	47	0	1	2	6	194	25	2	0
2	6	0	0	0	0	0	0	0	0	0	0	2	0	0	0	2	0
114	25	0	1	1	1	5	0	50	7	0	1	1	43	3	24	2	1
13	16	0	1	0	0	1	1	0	0	0	1	2	0	73	7	2	0
33	16	0	1	0	0	2	0	0	0	0	1	2	10	295	29	2	0
17	21	0	1	0	0	0	0	0	0	0	0	2	0	38	17	2	0
41	11	0	2	0	0	3	1	20	0	0	1	2	13	173	18	2	0
41	22	0	1	0	0	3	1	0	0	0	1	2	6	76	21	2	0
22	24	0	1	0	0	1	0	0	0	0	1	1	0	0	38	2	1
2	4	0	0	0	0	1	0	0	0	0	1	1	0	54	23	2	0
19	13	0	2	0	0	1	1	0	0	0	1	2	5	191	24	2	0
52	19	0	2	0	0	3	0	292	0	0	1	2	18	0	22	2	0
153	23	0	2	1	2	3	0	268	0	0	1	2	8	1	22	2	1
18	11	0	2	0	0	1	1	0	0	0	1	1	5	165	17	2	0
25	29	0	1	0	0	0	0	39	4	0	0	2	0	7	0	2	1
63	22	0	1	0	0	2	1	71	0	0	1	2	9	62	13	2	0
10	12	0	1	0	0	1	1	0	0	0	1	2	0	361	22	2	0
91	26	0	1	1	1	4	0	180	0	0	1	2	11	6	6	2	1
47	22	0	1	0	0	2	0	0	0	0	1	4	27	186	9	2	0
17	19	0	1	0	0	1	1	0	0	0	1	2	0	238	26	2	0
40	21	0	1	0	0	3	1	0	0	0	1	2	5	298	15	2	0
41	11	0	1	0	0	2	1	391	0	0	1	2	32	0	18	2	1
37	14	0	0	1	1	2	0	71	0	0	1	2	4	0	11	2	1
29	12	0	1	0	0	2	0	0	0	0	1	1	14	418	22	2	0
112	9	0	2	0	0	8	1	229	0	0	1	2	24	67	36	2	0
8	10	0	1	0	0	1	1	0	0	0	1	2	0	367	12	2	0
34	3	0	1	0	0	2	0	175	0	0	1	1	12	0	13	2	0
66	14	0	6	0	0	5	0	38	0	0	1	1	12	0	38	2	0
7	9	0	1	0	0	1	1	0	0	0	1	1	0	142	19	2	0
56	18	0	1	0	0	1	1	0	0	0	1	2	8	42	12	2	0
11	13	0	1	0	0	1	1	0	0	0	1	1	0	389	14	2	0
42	12	0	2	0	0	3	0	0	0	0	1	2	10	119	19	2	0
10	14	0	1	0	0	0	0	0	0	0	0	2	0	118	17	2	0
80	9	0	2	0	0	4	1	257	0	0	1	2	13	96	26	2	0
10	13	0	1	0	0	0	1	0	0	0	0	2	0	17	14	2	0
19	11	0	1	0	0	2	1	0	0	0	1	2	6	0	21	2	0
20	8	0	1	0	0	2	1	0	0	0	1	2	8	55	20	2	0
20	15	0	1	0	0	2	0	0	0	0	1	2	4	0	15	2	1
9	11	0	2	0	0	1	1	0	0	0	1	1	0	191	28	2	0
10	13	0	1	0	0	1	1	0	0	0	1	2	0	1	0	2	0
21	16	0	1	0	0	2	1	0	0	0	1	2	7	0	16	2	1
31	15	0	1	0	0	3	0	0	0	0	1	2	5	1	11	2	1
9	11	0	1	0	0	1	1	0	0	0	1	1	0	346	0	2	0
31	16	0	2	0	0	2	1	0	0	0	1	2	7	260	23	2	0
63	18	0	5	0	0	3	0	328	0	0	1	2	10	0	38	2	0
14	17	0	2	0	0	1	1	0	0	0	1	1	0	158	0	2	0
49	10	0	1	0	0	2	1	0	0	0	1	2	9	72	20	2	0
50	3	0	2	2	1	5	0	87	0	0	1	1	8	0	5	2	1
79	24	0	2	0	0	4	0	350	0	0	1	2	32	23	5	2	1
33	11	0	1	0	0	2	1	0	0	0	1	2	10	124	28	2	0
59	14	0	1	0	0	5	1	252	0	0	1	2	8	30	12	2	0
57	5	0	0	0	0	3	0	377	0	0	1	2	39	0	23	2	1
15	6	0	0	0	0	2	0	0	0	0	1	2	11	1	10	2	0
68	6	0	1	0	0	3	1	205	0	0	1	1	8	103	28	2	0
112	30	0	2	0	0	2	1	0	0	0	1	2	11	83	10	2	0
17	7	0	0	0	0	1	0	0	0	0	1	2	8	1	21	2	1
17	9	0	1	0	0	3	0	56	0	0	1	2	4	38	26	2	0
7	10	0	1	0	0	1	0	86	24	1	1	1	0	3	21	2	1
31	16	0	2	1	1	1	1	231	0	0	1	2	5	104	21	2	1
46	7	0	1	1	1	3	1	0	0	0	1	2	7	28	24	2	0
44	17	0	1	0	0	5	0	0	0	0	1	1	8	0	38	2	1
17	19	0	1	0	0	2	1	0	0	0	1	2	0	124	17	2	0
38	9	0	1	0	0	1	0	414	0	0	1	1	32	0	18	2	1
30	12	0	1	0	0	1	1	0	0	0	1	2	20	0	26	2	0
52	18	0	2	0	0	2	1	0	0	0	1	2	22	120	16	2	0
26	19	0	1	0	0	2	0	37	0	0	1	2	6	143	20	2	1
65	28	0	2	0	0	2	1	0	0	0	1	1	10	126	17	2	0
14	16	0	1	0	0	1	0	0	0	0	1	2	0	5	0	2	1
87	9	0	0	0	0	3	0	121	0	0	1	2	9	262	12	2	0
11	13	0	1	0	0	1	1	0	0	0	1	1	0	149	38	2	0
15	18	0	1	0	0	1	1	0	0	0	1	2	0	0	13	2	0
57	16	0	1	0	0	4	1	9	0	0	1	2	14	114	22	2	0
16	19	0	1	0	0	1	1	0	0	0	1	2	0	104	5	2	0
37	12	0	1	0	0	2	0	0	0	0	1	1	22	399	22	2	0
3	7	0	1	0	0	0	0	0	0	0	0	1	0	99	27	2	0
44	9	0	2	0	0	3	1	140	0	0	1	2	9	33	27	2	0
42	14	0	1	0	0	2	0	0	0	0	1	2	26	258	19	2	0
36	19	0	2	1	1	1	1	0	0	0	1	2	6	183	21	2	0
31	14	0	2	0	0	1	1	0	0	0	1	2	10	63	24	2	0
10	12	0	1	0	0	1	1	0	0	0	1	2	0	71	17	2	0
43	14	0	1	0	0	2	1	0	0	0	1	2	10	84	15	2	0
103	8	0	1	0	0	6	1	0	0	0	1	2	12	376	28	2	0
66	17	0	6	1	3	2	0	255	0	0	1	2	8	0	38	2	0
29	16	0	1	0	0	2	1	0	0	0	1	2	10	98	23	2	0
86	24	0	2	0	0	2	0	247	0	0	1	1	9	1	8	2	1
20	12	0	1	0	0	2	0	0	0	0	1	1	9	19	13	2	0
10	12	0	1	0	0	1	1	0	0	0	1	2	0	261	25	2	0
46	16	0	2	1	1	5	0	15	0	0	1	2	0	271	21	2	1
27	4	0	1	0	0	3	0	0	0	0	1	1	10	64	38	2	1
12	14	0	1	0	0	1	1	0	0	0	1	1	0	421	22	2	0
30	10	0	1	0	0	3	0	234	0	0	1	1	8	62	37	2	0
29	10	0	1	1	0	1	0	238	0	0	1	2	10	2	8	2	1
38	24	0	1	0	0	3	1	0	0	0	1	2	9	117	13	2	0
21	13	0	1	0	0	2	1	0	0	0	1	2	9	0	19	2	0
42	12	0	1	1	1	3	0	19	0	0	1	2	11	6	25	2	1
29	17	0	1	0	0	2	1	0	0	0	1	2	14	210	23	2	0
23	21	0	1	0	1	1	0	165	38	0	1	2	0	194	17	2	0
57	10	0	3	1	1	1	1	113	0	0	1	2	4	3	17	2	0
68	19	0	2	0	0	7	0	205	0	0	1	1	20	0	12	2	1
49	7	0	1	1	1	4	1	256	0	0	1	1	8	5	9	2	1
13	16	0	1	0	0	1	1	0	0	0	1	1	0	94	15	2	0
